0 0
18 0
41 0
166 0
170 0
178 0
194 0
204 0
296 0
303 0
322 0
324 0
342 0
347 0
353 0
357 0
391 0
442 0
559 0
687 0
795 0
1052 0
1151 0
1276 0
1283 0
1448 0
1450 0
1469 0
1481 0
1604 0
1609 0
1764 0
1921 0
1979 0
2245 0
2381 0
2661 0
2706 0
2775 0
2820 0
2875 0
2948 0
3030 0
3075 0
3116 0
3143 0
3164 0
3168 0
3179 0
3228 0
3275 0
3286 0
3328 0
3376 0
3377 0
3433 0
3439 0
3481 0
3670 0
3735 0
3782 0
3785 0
3845 0
3909 0
3917 0
3965 0
3977 0
3989 0
4013 0
4036 0
4048 0
4255 0
4286 0
4364 0
4466 0
4478 0
4479 0
4593 0
4595 0
4752 0
4792 0
4827 0
4903 0
4922 0
4991 0
5071 0
5085 0
5148 0
5175 0
5219 0
5304 0
5312 0
5344 0
5385 0
5417 0
5419 0
5520 0
5525 0
5599 0
5605 0
5775 0
5777 0
5978 0
6019 0
6037 0
6056 0
6092 0
6100 0
6180 0
6186 0
6369 0
6387 0
6416 0
6459 0
6496 0
6532 0
6582 0
6587 0
6620 0
6621 0
6894 0
7031 0
7346 0
7426 0
7435 0
7484 0
7562 0
7593 0
7646 0
7682 0
7701 0
7715 0
7727 0
7751 0
7792 0
7840 0
7950 0
8038 0
8085 0
8104 0
8113 0
8118 0
8190 0
8280 0
8303 0
8363 0
8413 0
8503 0
8580 0
8593 0
8609 0
8657 0
8706 0
8723 0
8807 0
8822 0
8831 0
8856 0
8954 0
9020 0
9132 0
9151 0
9174 0
9210 0
9376 0
9432 0
9440 0
9447 0
9473 0
9484 0
9525 0
9592 0
9607 0
9616 0
9666 0
9720 0
9788 0
9828 0
9884 0
157 1
168 1
188 1
256 1
271 1
302 1
537 1
540 1
590 1
595 1
605 1
634 1
654 1
797 1
859 1
892 1
903 1
978 1
1016 1
1103 1
1254 1
1289 1
1527 1
1577 1
1640 1
1660 1
1745 1
1770 1
1880 1
1972 1
2046 1
2074 1
2269 1
2272 1
2310 1
2321 1
2365 1
2366 1
2367 1
2483 1
2528 1
2683 1
2798 1
2856 1
2915 1
2928 1
2944 1
3085 1
3137 1
3204 1
3212 1
3236 1
3320 1
3338 1
3342 1
3471 1
3515 1
3531 1
3603 1
3644 1
3740 1
3804 1
3835 1
3904 1
4003 1
4131 1
4314 1
4343 1
4352 1
4391 1
4434 1
4638 1
4639 1
4693 1
4721 1
4762 1
4821 1
4847 1
4851 1
4993 1
5187 1
5197 1
5236 1
5240 1
5366 1
5447 1
5537 1
5660 1
5692 1
5751 1
5806 1
5892 1
5923 1
5927 1
6055 1
6082 1
6187 1
6236 1
6383 1
6384 1
6556 1
6584 1
6617 1
6859 1
6921 1
6922 1
7019 1
7206 1
7268 1
7278 1
7291 1
7298 1
7377 1
7485 1
7550 1
7566 1
7595 1
7603 1
7681 1
7787 1
7871 1
7900 1
7918 1
7974 1
8117 1
8166 1
8180 1
8202 1
8225 1
8234 1
8324 1
8334 1
8465 1
8493 1
8541 1
8556 1
8633 1
8687 1
8704 1
8755 1
8907 1
8939 1
8963 1
8968 1
9051 1
9059 1
9072 1
9148 1
9162 1
9197 1
9239 1
9245 1
9400 1
9438 1
9618 1
9762 1
9765 1
9805 1
9888 1
9951 1
9981 1
38 2
42 2
83 2
270 2
314 2
350 2
506 2
514 2
620 2
772 2
820 2
919 2
1344 2
1356 2
1435 2
1438 2
1521 2
1612 2
1636 2
1742 2
1763 2
1789 2
1866 2
1949 2
1956 2
1968 2
1988 2
2069 2
2160 2
2241 2
2259 2
2371 2
2482 2
2540 2
2879 2
2933 2
3027 2
3034 2
3066 2
3122 2
3205 2
3319 2
3532 2
3565 2
3593 2
3601 2
3832 2
3843 2
3847 2
3895 2
3912 2
3932 2
3942 2
4029 2
4123 2
4130 2
4134 2
4178 2
4200 2
4202 2
4207 2
4357 2
4362 2
4609 2
4737 2
4788 2
4798 2
4994 2
5151 2
5263 2
5381 2
5437 2
5640 2
5655 2
5688 2
5704 2
5738 2
5839 2
5944 2
6009 2
6062 2
6111 2
6218 2
6232 2
6241 2
6276 2
6310 2
6334 2
6337 2
6382 2
6511 2
6614 2
6633 2
6652 2
6843 2
6884 2
7016 2
7071 2
7098 2
7112 2
7143 2
7144 2
7236 2
7238 2
7272 2
7302 2
7321 2
7363 2
7552 2
7563 2
7624 2
7652 2
7735 2
7761 2
7943 2
8000 2
8006 2
8024 2
8074 2
8099 2
8246 2
8278 2
8338 2
8488 2
8562 2
8596 2
8815 2
8821 2
8824 2
8845 2
8915 2
8922 2
8973 2
9040 2
9112 2
9119 2
9166 2
9168 2
9180 2
9187 2
9189 2
9204 2
9234 2
9324 2
9436 2
9512 2
9566 2
9688 2
9723 2
9809 2
9819 2
9870 2
9898 2
9909 2
9 3
524 3
669 3
704 3
754 3
755 3
763 3
781 3
871 3
957 3
988 3
1000 3
1021 3
1065 3
1088 3
1121 3
1127 3
1549 3
1656 3
1690 3
1698 3
1888 3
1993 3
2013 3
2021 3
2023 3
2274 3
2326 3
2333 3
2392 3
2422 3
2429 3
2476 3
2520 3
2538 3
2541 3
2558 3
2563 3
2591 3
2637 3
2765 3
2816 3
2873 3
2970 3
2994 3
3132 3
3181 3
3191 3
3203 3
3404 3
3435 3
3573 3
3837 3
3971 3
4024 3
4120 3
4231 3
4294 3
4467 3
4571 3
4822 3
4873 3
5008 3
5049 3
5069 3
5087 3
5189 3
5194 3
5216 3
5226 3
5232 3
5283 3
5308 3
5321 3
5336 3
5341 3
5356 3
5396 3
5514 3
5516 3
5584 3
5745 3
5778 3
5791 3
5841 3
5864 3
5896 3
5959 3
6102 3
6130 3
6164 3
6260 3
6343 3
6426 3
6509 3
6612 3
6712 3
6799 3
6817 3
6935 3
7044 3
7078 3
7083 3
7123 3
7134 3
7330 3
7433 3
7524 3
7544 3
7651 3
7664 3
7689 3
7827 3
7829 3
7832 3
8114 3
8160 3
8187 3
8200 3
8210 3
8374 3
8400 3
8431 3
8482 3
8943 3
8996 3
9023 3
9184 3
9389 3
9502 3
9542 3
9610 3
9649 3
9684 3
9700 3
9717 3
9733 3
9936 3
9967 3
54 4
125 4
265 4
266 4
380 4
426 4
520 4
749 4
954 4
1039 4
1108 4
1122 4
1198 4
1558 4
1695 4
1734 4
1826 4
1900 4
1971 4
1982 4
2019 4
2073 4
2152 4
2173 4
2250 4
2394 4
2494 4
2516 4
2559 4
2635 4
2694 4
2850 4
2907 4
2950 4
2959 4
3052 4
3095 4
3128 4
3214 4
3359 4
3475 4
3488 4
3524 4
3596 4
3645 4
3771 4
3774 4
3776 4
3783 4
3997 4
4005 4
4039 4
4103 4
4174 4
4187 4
4463 4
4720 4
4771 4
4974 4
5095 4
5198 4
5329 4
5358 4
5408 4
5411 4
5462 4
5465 4
5556 4
5633 4
5689 4
5690 4
5720 4
5776 4
5960 4
5996 4
6196 4
6238 4
6240 4
6317 4
6368 4
6370 4
6460 4
6591 4
6618 4
6742 4
6769 4
6800 4
6923 4
7010 4
7032 4
7037 4
7058 4
7130 4
7132 4
7169 4
7178 4
7295 4
7596 4
7650 4
7807 4
7874 4
7963 4
8021 4
8033 4
8130 4
8301 4
8448 4
8481 4
8564 4
8603 4
8653 4
8787 4
8925 4
8930 4
9025 4
9391 4
9536 4
9553 4
9721 4
9747 4
9796 4
9830 4
9974 4
21 5
37 5
66 5
70 5
76 5
104 5
127 5
286 5
311 5
323 5
362 5
423 5
446 5
612 5
619 5
637 5
653 5
792 5
872 5
930 5
1047 5
1134 5
1143 5
1223 5
1225 5
1270 5
1381 5
1459 5
1504 5
1543 5
1581 5
1675 5
1780 5
1803 5
2065 5
2276 5
2370 5
2397 5
2412 5
2419 5
2452 5
2481 5
2502 5
2537 5
2615 5
2629 5
2656 5
2773 5
2810 5
2824 5
2943 5
2963 5
3011 5
3072 5
3103 5
3121 5
3269 5
3273 5
3339 5
3394 5
3407 5
3409 5
3517 5
3544 5
3694 5
3898 5
3933 5
4040 5
4060 5
4076 5
4095 5
4143 5
4175 5
4259 5
4271 5
4328 5
4346 5
4369 5
4404 5
4417 5
4473 5
4476 5
4551 5
4582 5
4672 5
4681 5
4682 5
4717 5
4892 5
4942 5
4952 5
4961 5
4979 5
5016 5
5050 5
5075 5
5076 5
5159 5
5199 5
5241 5
5300 5
5332 5
5333 5
5360 5
5400 5
5407 5
5425 5
5475 5
5550 5
5567 5
5574 5
5666 5
5797 5
5947 5
6018 5
6080 5
6166 5
6251 5
6279 5
6295 5
6314 5
6341 5
6389 5
6448 5
6450 5
6481 5
6483 5
6558 5
6601 5
6630 5
6636 5
6650 5
6762 5
6780 5
6851 5
6946 5
7135 5
7160 5
7205 5
7240 5
7276 5
7314 5
7630 5
7717 5
7804 5
7937 5
7948 5
7981 5
8008 5
8044 5
8136 5
8145 5
8149 5
8212 5
8222 5
8282 5
8349 5
8409 5
8466 5
8524 5
8610 5
8678 5
8713 5
8747 5
8798 5
8801 5
8879 5
8938 5
8942 5
8971 5
9109 5
9114 5
9149 5
9265 5
9271 5
9303 5
9310 5
9486 5
9506 5
9519 5
9596 5
9659 5
9681 5
9719 5
9801 5
9841 5
9954 5
84 6
87 6
435 6
456 6
515 6
662 6
673 6
680 6
802 6
942 6
1002 6
1126 6
1132 6
1148 6
1318 6
1355 6
1396 6
1439 6
1467 6
1552 6
1559 6
1582 6
1650 6
1722 6
1890 6
1905 6
1973 6
1974 6
2011 6
2044 6
2088 6
2109 6
2141 6
2190 6
2210 6
2240 6
2306 6
2622 6
2627 6
2642 6
2671 6
2748 6
2763 6
2786 6
2932 6
2949 6
3065 6
3104 6
3109 6
3188 6
3219 6
3249 6
3298 6
3303 6
3405 6
3512 6
3556 6
3570 6
3623 6
3720 6
3899 6
3949 6
3972 6
4022 6
4107 6
4117 6
4127 6
4129 6
4147 6
4167 6
4274 6
4356 6
4394 6
4421 6
4505 6
4520 6
4534 6
4621 6
4650 6
4702 6
4833 6
4868 6
5298 6
5301 6
5455 6
5555 6
5722 6
5765 6
5766 6
5891 6
5894 6
5963 6
5965 6
6258 6
6262 6
6340 6
6377 6
6414 6
6504 6
6624 6
6649 6
6892 6
6951 6
7008 6
7052 6
7076 6
7100 6
7163 6
7210 6
7244 6
7349 6
7521 6
7525 6
7531 6
7577 6
7606 6
7702 6
7705 6
7757 6
7903 6
7939 6
8025 6
8165 6
8216 6
8241 6
8308 6
8407 6
8620 6
8646 6
8767 6
8791 6
8816 6
9082 6
9086 6
9104 6
9183 6
9218 6
9250 6
9364 6
9366 6
9386 6
9453 6
9615 6
9633 6
9680 6
9708 6
9734 6
9743 6
9771 6
23 7
85 7
162 7
179 7
220 7
227 7
233 7
254 7
267 7
365 7
366 7
392 7
411 7
427 7
455 7
468 7
481 7
560 7
568 7
703 7
705 7
709 7
803 7
819 7
1099 7
1262 7
1282 7
1323 7
1538 7
1586 7
1621 7
1692 7
1814 7
1838 7
1916 7
1933 7
1943 7
1998 7
2043 7
2090 7
2262 7
2427 7
2441 7
2478 7
2505 7
2517 7
2626 7
2673 7
2688 7
2719 7
2732 7
2772 7
2785 7
2865 7
2898 7
2919 7
2938 7
2993 7
3074 7
3088 7
3111 7
3113 7
3201 7
3259 7
3322 7
3347 7
3436 7
3562 7
3568 7
3594 7
3614 7
3621 7
3691 7
3706 7
3810 7
3814 7
3891 7
3946 7
4177 7
4194 7
4224 7
4250 7
4298 7
4334 7
4335 7
4439 7
4578 7
4600 7
4838 7
4863 7
4951 7
5010 7
5122 7
5132 7
5213 7
5242 7
5265 7
5286 7
5316 7
5335 7
5363 7
5390 7
5392 7
5553 7
5590 7
5608 7
5615 7
5616 7
5723 7
5824 7
5854 7
5921 7
5976 7
6098 7
6121 7
6123 7
6200 7
6280 7
6297 7
6324 7
6342 7
6427 7
6478 7
6503 7
6593 7
6610 7
6682 7
6699 7
6753 7
6811 7
6840 7
6866 7
6883 7
6918 7
6985 7
7005 7
7050 7
7060 7
7082 7
7166 7
7227 7
7292 7
7325 7
7408 7
7417 7
7469 7
7479 7
7506 7
7508 7
7573 7
7632 7
7691 7
7809 7
7845 7
7908 7
7957 7
7989 7
8007 7
8065 7
8073 7
8097 7
8251 7
8376 7
8530 7
8552 7
8555 7
8664 7
8680 7
8709 7
8825 7
8903 7
8983 7
8992 7
9058 7
9228 7
9266 7
9317 7
9325 7
9337 7
9352 7
9493 7
9516 7
9701 7
9806 7
9839 7
9882 7
9903 7
9982 7
13 8
55 8
118 8
255 8
259 8
283 8
306 8
307 8
529 8
582 8
622 8
674 8
790 8
812 8
948 8
955 8
999 8
1038 8
1231 8
1256 8
1292 8
1295 8
1337 8
1404 8
1458 8
1473 8
1534 8
1624 8
1701 8
1713 8
1743 8
2095 8
2203 8
2325 8
2362 8
2403 8
2531 8
2549 8
2685 8
2692 8
2738 8
2793 8
2795 8
2821 8
2951 8
2987 8
3037 8
3089 8
3211 8
3472 8
3507 8
3533 8
3734 8
3792 8
3947 8
3987 8
4044 8
4061 8
4155 8
4182 8
4278 8
4284 8
4309 8
4403 8
4492 8
4540 8
4823 8
4876 8
4886 8
4969 8
5157 8
5179 8
5186 8
5261 8
5272 8
5433 8
5530 8
5577 8
5788 8
5820 8
5870 8
5910 8
6003 8
6043 8
6065 8
6093 8
6104 8
6259 8
6271 8
6378 8
6518 8
6530 8
6596 8
6602 8
6622 8
6623 8
6631 8
6664 8
6915 8
7117 8
7179 8
7203 8
7215 8
7250 8
7300 8
7378 8
7391 8
7452 8
7505 8
7568 8
7576 8
7608 8
7643 8
7706 8
7855 8
7894 8
8005 8
8031 8
8100 8
8132 8
8150 8
8221 8
8259 8
8302 8
8396 8
8526 8
8637 8
8651 8
8753 8
8858 8
8866 8
8868 8
8909 8
8927 8
9063 8
9125 8
9156 8
9205 8
9338 8
9348 8
9379 8
9446 8
9462 8
9499 8
9626 8
9744 8
9822 8
9842 8
9857 8
9895 8
9934 8
9959 8
9972 8
69 9
82 9
160 9
223 9
225 9
228 9
246 9
463 9
604 9
769 9
773 9
906 9
951 9
1135 9
1280 9
1353 9
1413 9
1594 9
1596 9
1634 9
1774 9
1870 9
1947 9
1991 9
2342 9
2490 9
2542 9
2562 9
2686 9
2693 9
2756 9
2892 9
2901 9
3025 9
3039 9
3057 9
3131 9
3258 9
3309 9
3440 9
3493 9
3535 9
3563 9
3572 9
3591 9
3692 9
3725 9
3969 9
4030 9
4100 9
4119 9
4197 9
4265 9
4382 9
4429 9
4481 9
4519 9
4581 9
4953 9
4998 9
5115 9
5204 9
5234 9
5535 9
5594 9
5625 9
5669 9
5693 9
5705 9
5844 9
5845 9
5901 9
5919 9
6117 9
6374 9
6417 9
6418 9
6467 9
6538 9
6539 9
6608 9
6889 9
6943 9
6992 9
7067 9
7073 9
7095 9
7137 9
7177 9
7287 9
7495 9
7629 9
7633 9
7654 9
7713 9
7893 9
7895 9
7917 9
7938 9
7991 9
8062 9
8112 9
8154 9
8372 9
8375 9
8385 9
8429 9
8456 9
8521 9
8523 9
8599 9
8754 9
8770 9
8786 9
8796 9
8937 9
8980 9
9091 9
9138 9
9212 9
9235 9
9274 9
9343 9
9504 9
9642 9
9696 9
9781 9
9815 9
9845 9
9861 9
9873 9
9923 9
11 10
19 10
59 10
95 10
106 10
206 10
234 10
301 10
393 10
458 10
550 10
618 10
723 10
787 10
834 10
938 10
987 10
994 10
1024 10
1110 10
1128 10
1131 10
1154 10
1255 10
1278 10
1307 10
1334 10
1347 10
1560 10
1570 10
1644 10
1751 10
1758 10
1779 10
1897 10
1986 10
2051 10
2052 10
2076 10
2104 10
2107 10
2115 10
2159 10
2231 10
2345 10
2374 10
2809 10
2858 10
2926 10
2992 10
3022 10
3031 10
3149 10
3152 10
3183 10
3231 10
3237 10
3239 10
3243 10
3254 10
3270 10
3291 10
3310 10
3383 10
3415 10
3432 10
3441 10
3469 10
3483 10
3491 10
3501 10
3514 10
3582 10
3610 10
3685 10
3787 10
3829 10
3876 10
3885 10
4064 10
4199 10
4236 10
4246 10
4299 10
4507 10
4539 10
4552 10
4588 10
4592 10
4652 10
4664 10
4748 10
4767 10
4772 10
4881 10
4940 10
4972 10
4992 10
5060 10
5074 10
5114 10
5214 10
5306 10
5323 10
5370 10
5439 10
5487 10
5564 10
5659 10
5737 10
5866 10
5889 10
5980 10
6022 10
6045 10
6064 10
6173 10
6188 10
6204 10
6233 10
6281 10
6288 10
6407 10
6445 10
6468 10
6551 10
6570 10
6681 10
6820 10
6885 10
6966 10
6997 10
7080 10
7170 10
7194 10
7222 10
7256 10
7258 10
7269 10
7370 10
7385 10
7400 10
7415 10
7444 10
7490 10
7669 10
7699 10
7748 10
7932 10
8011 10
8050 10
8095 10
8143 10
8182 10
8240 10
8288 10
8316 10
8320 10
8331 10
8369 10
8398 10
8542 10
8566 10
8571 10
8600 10
8691 10
8698 10
8734 10
8812 10
8882 10
8890 10
8999 10
9044 10
9069 10
9077 10
9079 10
9101 10
9158 10
9185 10
9216 10
9236 10
9249 10
9465 10
9565 10
9584 10
9593 10
9630 10
9704 10
9732 10
9774 10
9807 10
9824 10
9835 10
9896 10
16 11
17 11
143 11
230 11
390 11
422 11
437 11
521 11
523 11
526 11
655 11
686 11
714 11
782 11
785 11
824 11
877 11
1006 11
1043 11
1083 11
1100 11
1124 11
1145 11
1296 11
1300 11
1308 11
1354 11
1397 11
1441 11
1544 11
1659 11
1755 11
1776 11
2033 11
2062 11
2121 11
2122 11
2165 11
2261 11
2278 11
2456 11
2565 11
2621 11
2666 11
2753 11
2789 11
2797 11
2847 11
2903 11
3024 11
3060 11
3127 11
3220 11
3233 11
3263 11
3341 11
3422 11
3523 11
3612 11
3665 11
3710 11
3830 11
3854 11
3875 11
3924 11
4033 11
4091 11
4196 11
4223 11
4266 11
4387 11
4440 11
4442 11
4444 11
4465 11
4471 11
4489 11
4574 11
4739 11
4793 11
4806 11
4897 11
5013 11
5039 11
5078 11
5145 11
5146 11
5210 11
5250 11
5349 11
5387 11
5506 11
5566 11
5607 11
5620 11
5694 11
5696 11
5700 11
5763 11
5826 11
5943 11
5954 11
6004 11
6206 11
6215 11
6362 11
6423 11
6501 11
6611 11
6748 11
6871 11
6888 11
6948 11
6999 11
7041 11
7057 11
7105 11
7111 11
7191 11
7225 11
7237 11
7319 11
7399 11
7427 11
7456 11
7465 11
7723 11
7843 11
7877 11
7951 11
7964 11
7973 11
8004 11
8016 11
8106 11
8121 11
8167 11
8170 11
8236 11
8258 11
8370 11
8394 11
8416 11
8490 11
8592 11
8645 11
8696 11
8733 11
8751 11
8771 11
8793 11
8884 11
8892 11
9016 11
9049 11
9052 11
9066 11
9075 11
9092 11
9097 11
9130 11
9202 11
9309 11
9415 11
9479 11
9657 11
9713 11
9799 11
9860 11
9866 11
9965 11
51 12
67 12
110 12
137 12
185 12
293 12
433 12
496 12
517 12
532 12
635 12
796 12
873 12
883 12
1030 12
1032 12
1092 12
1096 12
1130 12
1212 12
1259 12
1294 12
1455 12
1547 12
1561 12
1607 12
1668 12
1691 12
1719 12
1785 12
1878 12
1884 12
1896 12
1911 12
1983 12
2004 12
2024 12
2037 12
2039 12
2150 12
2186 12
2229 12
2239 12
2294 12
2546 12
2567 12
2583 12
2681 12
2740 12
2782 12
2974 12
2984 12
3378 12
3626 12
3634 12
3664 12
3868 12
3887 12
3901 12
3928 12
3998 12
4053 12
4113 12
4204 12
4218 12
4315 12
4354 12
4363 12
4390 12
4448 12
4576 12
4663 12
4713 12
4800 12
4813 12
4815 12
4943 12
4990 12
5035 12
5133 12
5171 12
5275 12
5434 12
5441 12
5489 12
5490 12
5561 12
5600 12
5702 12
5924 12
6002 12
6042 12
6087 12
6088 12
6103 12
6226 12
6361 12
6637 12
6643 12
6690 12
6707 12
6830 12
6901 12
6924 12
7018 12
7201 12
7216 12
7273 12
7303 12
7335 12
7353 12
7382 12
7395 12
7436 12
7504 12
7564 12
7631 12
7726 12
7940 12
7958 12
8057 12
8093 12
8134 12
8191 12
8218 12
8229 12
8238 12
8274 12
8336 12
8384 12
8510 12
8537 12
8604 12
8616 12
8629 12
8684 12
8852 12
8854 12
8864 12
8956 12
8990 12
8993 12
9038 12
9076 12
9100 12
9179 12
9262 12
9372 12
9392 12
9472 12
9574 12
9619 12
9703 12
9803 12
9872 12
9892 12
9906 12
9964 12
58 13
71 13
86 13
148 13
200 13
326 13
478 13
507 13
554 13
572 13
600 13
627 13
691 13
732 13
744 13
927 13
1054 13
1075 13
1115 13
1364 13
1399 13
1457 13
1503 13
1539 13
1619 13
1631 13
1708 13
1710 13
1772 13
1783 13
1903 13
1913 13
1927 13
1996 13
2026 13
2034 13
2041 13
2280 13
2293 13
2302 13
2410 13
2418 13
2433 13
2434 13
2448 13
2449 13
2450 13
2544 13
2700 13
3002 13
3077 13
3087 13
3171 13
3232 13
3302 13
3452 13
3455 13
3479 13
3503 13
3636 13
3668 13
3682 13
3714 13
3777 13
3816 13
3855 13
3978 13
4025 13
4217 13
4234 13
4237 13
4506 13
4537 13
4619 13
4690 13
4867 13
4977 13
5109 13
5120 13
5205 13
5233 13
5497 13
5498 13
5629 13
5731 13
5812 13
5858 13
5902 13
5912 13
5920 13
5961 13
6079 13
6124 13
6193 13
6330 13
6347 13
6492 13
6519 13
6691 13
6734 13
6736 13
6772 13
6829 13
6879 13
7196 13
7350 13
7425 13
7441 13
7450 13
7478 13
7515 13
7569 13
7692 13
7709 13
7779 13
7830 13
7834 13
7863 13
7971 13
8042 13
8051 13
8158 13
8263 13
8312 13
8401 13
8584 13
8655 13
8777 13
8811 13
8828 13
8986 13
9029 13
9055 13
9061 13
9241 13
9304 13
9412 13
9523 13
9572 13
9644 13
9797 13
9826 13
9844 13
9853 13
68 14
141 14
191 14
201 14
308 14
309 14
313 14
344 14
359 14
424 14
502 14
530 14
571 14
649 14
663 14
679 14
745 14
821 14
886 14
992 14
1055 14
1555 14
1584 14
1705 14
1738 14
1746 14
1748 14
1875 14
1902 14
1915 14
1985 14
1995 14
2036 14
2053 14
2063 14
2103 14
2144 14
2466 14
2496 14
2601 14
2703 14
2725 14
3044 14
3047 14
3059 14
3100 14
3160 14
3209 14
3251 14
3364 14
3390 14
3416 14
3424 14
3438 14
3477 14
3713 14
3833 14
3841 14
3914 14
3920 14
3999 14
4072 14
4088 14
4407 14
4447 14
4488 14
4547 14
4562 14
4604 14
4667 14
4668 14
4741 14
4758 14
4796 14
4947 14
5041 14
5209 14
5352 14
5376 14
5413 14
5418 14
5422 14
5448 14
5528 14
5586 14
5614 14
5718 14
5768 14
5789 14
5793 14
5814 14
5862 14
5897 14
5906 14
6101 14
6185 14
6270 14
6355 14
6398 14
6434 14
6453 14
6457 14
6599 14
6651 14
6739 14
6846 14
6847 14
6848 14
6965 14
7157 14
7197 14
7317 14
7357 14
7446 14
7498 14
7516 14
7686 14
7924 14
7990 14
8040 14
8056 14
8155 14
8247 14
8270 14
8279 14
8326 14
8491 14
8613 14
8628 14
8641 14
8865 14
8997 14
9213 14
9248 14
9252 14
9267 14
9291 14
9319 14
9408 14
9420 14
9481 14
9533 14
9559 14
9575 14
9621 14
9624 14
9695 14
9735 14
9776 14
9862 14
9890 14
9980 14
9986 14
92 15
300 15
397 15
401 15
430 15
462 15
513 15
543 15
547 15
587 15
611 15
660 15
750 15
774 15
857 15
881 15
1034 15
1129 15
1136 15
1181 15
1238 15
1242 15
1271 15
1284 15
1335 15
1366 15
1368 15
1395 15
1422 15
1616 15
1632 15
1653 15
1727 15
1963 15
2050 15
2059 15
2114 15
2120 15
2163 15
2242 15
2246 15
2285 15
2300 15
2373 15
2378 15
2385 15
2519 15
2522 15
2585 15
2586 15
2618 15
2644 15
2704 15
2771 15
2833 15
2855 15
2882 15
3078 15
3110 15
3213 15
3348 15
3349 15
3419 15
3437 15
3536 15
3537 15
3558 15
3576 15
3616 15
3678 15
3775 15
3802 15
3820 15
3858 15
4007 15
4083 15
4087 15
4203 15
4419 15
4455 15
4493 15
4496 15
4501 15
4508 15
4572 15
4585 15
4735 15
4749 15
4766 15
4790 15
4816 15
4844 15
4918 15
4923 15
4933 15
4967 15
5080 15
5112 15
5138 15
5154 15
5273 15
5582 15
5650 15
5757 15
5803 15
5877 15
5880 15
5882 15
5883 15
5946 15
6048 15
6198 15
6332 15
6344 15
6365 15
6411 15
6424 15
6491 15
6497 15
6569 15
6571 15
6635 15
6640 15
6741 15
6788 15
6857 15
6939 15
6962 15
7015 15
7040 15
7118 15
7175 15
7209 15
7249 15
7361 15
7371 15
7412 15
7586 15
7673 15
7678 15
7789 15
7931 15
8061 15
8090 15
8122 15
8127 15
8184 15
8315 15
8612 15
8649 15
8652 15
8669 15
8708 15
8715 15
8726 15
8735 15
8738 15
8918 15
8984 15
9014 15
9194 15
9251 15
9264 15
9279 15
9335 15
9403 15
9449 15
9466 15
9503 15
9590 15
9725 15
9791 15
9794 15
9834 15
9991 15
50 16
94 16
97 16
317 16
345 16
386 16
472 16
489 16
527 16
642 16
771 16
879 16
925 16
1119 16
1179 16
1375 16
1465 16
1557 16
1649 16
1687 16
1694 16
1747 16
1760 16
1808 16
1822 16
1871 16
1941 16
1997 16
2127 16
2204 16
2317 16
2359 16
2512 16
2557 16
2580 16
2600 16
2608 16
2630 16
2662 16
2712 16
2735 16
2778 16
2801 16
2838 16
2922 16
2940 16
3032 16
3043 16
3101 16
3142 16
3153 16
3467 16
3505 16
3643 16
3686 16
3916 16
3961 16
3986 16
4027 16
4045 16
4102 16
4171 16
4189 16
4212 16
4233 16
4243 16
4288 16
4291 16
4371 16
4418 16
4433 16
4487 16
4504 16
4525 16
4573 16
4640 16
4808 16
4812 16
4853 16
4865 16
4987 16
5029 16
5053 16
5061 16
5105 16
5169 16
5220 16
5231 16
5258 16
5293 16
5315 16
5347 16
5380 16
5512 16
5536 16
5572 16
5676 16
5717 16
5739 16
5744 16
5772 16
6066 16
6131 16
6167 16
6323 16
6537 16
6686 16
6697 16
6708 16
6732 16
6947 16
6961 16
6995 16
7046 16
7077 16
7199 16
7223 16
7252 16
7329 16
7386 16
7424 16
7556 16
7574 16
7729 16
7752 16
7759 16
8067 16
8088 16
8239 16
8304 16
8335 16
8453 16
8473 16
8557 16
8573 16
8615 16
8719 16
8728 16
8788 16
8883 16
8962 16
9036 16
9155 16
9223 16
9311 16
9398 16
9404 16
9498 16
9509 16
9775 16
9932 16
9945 16
9947 16
9977 16
165 17
203 17
238 17
278 17
358 17
405 17
504 17
519 17
575 17
583 17
625 17
666 17
688 17
708 17
741 17
828 17
902 17
911 17
936 17
937 17
998 17
1087 17
1185 17
1230 17
1306 17
1338 17
1361 17
1416 17
1523 17
1669 17
1678 17
1831 17
2060 17
2066 17
2169 17
2170 17
2227 17
2265 17
2340 17
2352 17
2442 17
2509 17
2609 17
2689 17
2690 17
2724 17
2766 17
2837 17
2936 17
3009 17
3021 17
3084 17
3145 17
3150 17
3299 17
3344 17
3402 17
3506 17
3513 17
3527 17
3541 17
3557 17
3624 17
3648 17
3766 17
3817 17
3960 17
4011 17
4019 17
4038 17
4085 17
4191 17
4326 17
4413 17
4575 17
4742 17
4763 17
4957 17
5119 17
5174 17
5196 17
5253 17
5302 17
5328 17
5364 17
5405 17
5443 17
5494 17
5509 17
5563 17
5585 17
5587 17
5643 17
5673 17
5714 17
5725 17
5868 17
5911 17
5989 17
6083 17
6126 17
6179 17
6255 17
6529 17
6589 17
6694 17
6696 17
6861 17
6880 17
6969 17
6998 17
7022 17
7120 17
7133 17
7164 17
7271 17
7468 17
7500 17
7545 17
7714 17
7728 17
7747 17
7815 17
7819 17
7866 17
7934 17
8173 17
8224 17
8248 17
8265 17
8286 17
8531 17
8539 17
8750 17
9012 17
9019 17
9169 17
9390 17
9551 17
9686 17
9757 17
9782 17
3 18
45 18
147 18
367 18
418 18
556 18
641 18
697 18
806 18
829 18
855 18
894 18
918 18
935 18
973 18
1058 18
1059 18
1062 18
1067 18
1086 18
1106 18
1111 18
1167 18
1183 18
1200 18
1206 18
1217 18
1333 18
1417 18
1655 18
1665 18
1759 18
1835 18
1846 18
1957 18
2001 18
2002 18
2093 18
2145 18
2197 18
2226 18
2283 18
2560 18
2569 18
2643 18
2682 18
2836 18
2845 18
2945 18
2946 18
2977 18
3082 18
3184 18
3225 18
3283 18
3293 18
3411 18
3473 18
3478 18
3635 18
3653 18
3674 18
3676 18
3739 18
3756 18
3939 18
3958 18
4020 18
4054 18
4114 18
4124 18
4166 18
4190 18
4287 18
4318 18
4340 18
4381 18
4384 18
4408 18
4446 18
4451 18
4548 18
4557 18
4558 18
4665 18
4699 18
4785 18
4787 18
4836 18
4875 18
4930 18
4978 18
5027 18
5042 18
5256 18
5285 18
5343 18
5355 18
5432 18
5463 18
5466 18
5482 18
5522 18
5719 18
5813 18
5832 18
5857 18
5873 18
5967 18
6033 18
6041 18
6074 18
6129 18
6140 18
6195 18
6210 18
6220 18
6221 18
6275 18
6412 18
6463 18
6546 18
6567 18
6726 18
6793 18
6812 18
6874 18
6909 18
6996 18
7110 18
7148 18
7207 18
7344 18
7351 18
7422 18
7528 18
7529 18
7583 18
7590 18
7647 18
7659 18
7744 18
7821 18
7876 18
7896 18
7929 18
7956 18
7988 18
8019 18
8023 18
8096 18
8141 18
8255 18
8502 18
8505 18
8624 18
8673 18
8690 18
8692 18
8887 18
8969 18
9009 18
9047 18
9256 18
9273 18
9299 18
9307 18
9377 18
9409 18
9424 18
9528 18
9570 18
9598 18
9878 18
9879 18
1 19
252 19
287 19
330 19
396 19
436 19
440 19
466 19
491 19
563 19
565 19
598 19
615 19
696 19
712 19
746 19
798 19
846 19
895 19
968 19
1164 19
1246 19
1304 19
1374 19
1567 19
1641 19
1646 19
1813 19
1869 19
1920 19
1970 19
2016 19
2047 19
2129 19
2211 19
2286 19
2507 19
2523 19
2653 19
2757 19
2799 19
2890 19
2983 19
3028 19
3241 19
3268 19
3403 19
3410 19
3418 19
3453 19
3545 19
3607 19
3641 19
3718 19
3724 19
3729 19
3738 19
3744 19
3760 19
3936 19
4094 19
4125 19
4184 19
4293 19
4329 19
4570 19
4659 19
4711 19
4778 19
4905 19
4921 19
5023 19
5044 19
5117 19
5140 19
5202 19
5414 19
5502 19
5538 19
5552 19
5627 19
5764 19
5801 19
5871 19
5905 19
6061 19
6118 19
6148 19
6168 19
6298 19
6322 19
6391 19
6422 19
6439 19
6541 19
6583 19
6716 19
6725 19
6767 19
6789 19
6810 19
6838 19
6914 19
7106 19
7116 19
7155 19
7251 19
7462 19
7492 19
7571 19
7587 19
7769 19
7782 19
7879 19
7922 19
8002 19
8168 19
8319 19
8371 19
8513 19
8694 19
8743 19
8916 19
8946 19
9041 19
9116 19
9135 19
9164 19
9242 19
9268 19
9382 19
9461 19
9724 19
9768 19
9817 19
32 20
338 20
385 20
398 20
518 20
542 20
553 20
577 20
633 20
848 20
861 20
993 20
1161 20
1303 20
1342 20
1360 20
1394 20
1408 20
1466 20
1483 20
1585 20
1605 20
1628 20
1697 20
1703 20
1801 20
1883 20
1906 20
1914 20
1951 20
2161 20
2179 20
2207 20
2390 20
2501 20
2582 20
2589 20
2606 20
2762 20
2802 20
2808 20
2896 20
2912 20
3178 20
3197 20
3354 20
3371 20
3372 20
3398 20
3448 20
3463 20
3486 20
3508 20
3518 20
3550 20
3743 20
3869 20
4099 20
4101 20
4109 20
4132 20
4173 20
4260 20
4333 20
4497 20
4518 20
4587 20
4608 20
4643 20
4884 20
4902 20
5147 20
5259 20
5282 20
5303 20
5351 20
5368 20
5383 20
5453 20
5632 20
5642 20
5678 20
5679 20
5732 20
5779 20
5808 20
5822 20
5837 20
5984 20
6013 20
6112 20
6154 20
6194 20
6239 20
6291 20
6600 20
6669 20
6679 20
6705 20
6787 20
6872 20
6873 20
6925 20
6981 20
7020 20
7101 20
7121 20
7136 20
7293 20
7336 20
7388 20
7662 20
7694 20
7712 20
7873 20
7883 20
7921 20
7923 20
7977 20
7984 20
8116 20
8120 20
8227 20
8275 20
8330 20
8354 20
8388 20
8410 20
8428 20
8447 20
8457 20
8485 20
8511 20
8625 20
8632 20
8702 20
8737 20
8899 20
8933 20
8941 20
9054 20
9068 20
9175 20
9230 20
9253 20
9286 20
9300 20
9341 20
9458 20
9505 20
9521 20
9522 20
9740 20
9804 20
9814 20
9912 20
9918 20
9935 20
9942 20
9949 20
9955 20
9962 20
9973 20
9995 20
43 21
112 21
115 21
119 21
144 21
163 21
171 21
221 21
250 21
273 21
413 21
480 21
511 21
730 21
844 21
944 21
984 21
996 21
1046 21
1076 21
1157 21
1160 21
1362 21
1470 21
1489 21
1498 21
1568 21
1589 21
1629 21
1823 21
1861 21
1886 21
2009 21
2081 21
2131 21
2216 21
2257 21
2332 21
2375 21
2445 21
2521 21
2640 21
2796 21
2803 21
2835 21
2897 21
2954 21
3036 21
3130 21
3180 21
3227 21
3234 21
3256 21
3277 21
3281 21
3288 21
3297 21
3356 21
3380 21
3567 21
3629 21
3640 21
3826 21
3988 21
3990 21
4152 21
4157 21
4240 21
4301 21
4321 21
4324 21
4351 21
4393 21
4405 21
4450 21
4514 21
4533 21
4563 21
4658 21
4696 21
4703 21
4825 21
4901 21
4939 21
4983 21
5070 21
5180 21
5267 21
5318 21
5371 21
5403 21
5440 21
5469 21
5524 21
5617 21
5665 21
5680 21
5833 21
5940 21
5973 21
5985 21
5998 21
6000 21
6046 21
6069 21
6243 21
6268 21
6358 21
6401 21
6420 21
6421 21
6458 21
6526 21
6548 21
6578 21
6625 21
6683 21
6695 21
6721 21
6791 21
6824 21
6913 21
6938 21
6950 21
7000 21
7097 21
7226 21
7286 21
7301 21
7322 21
7405 21
7453 21
7548 21
7551 21
7591 21
7605 21
7635 21
7730 21
7737 21
7740 21
7773 21
7822 21
7837 21
7847 21
7861 21
7875 21
7904 21
7905 21
8003 21
8071 21
8082 21
8102 21
8140 21
8152 21
8211 21
8261 21
8287 21
8368 21
8423 21
8462 21
8486 21
8509 21
8514 21
8583 21
8626 21
8718 21
8869 21
8910 21
8923 21
8966 21
8995 21
9007 21
9152 21
9209 21
9247 21
9255 21
9292 21
9330 21
9359 21
9361 21
9515 21
9613 21
9692 21
9730 21
9761 21
9812 21
9829 21
9863 21
9948 21
24 22
62 22
133 22
138 22
169 22
214 22
218 22
352 22
616 22
647 22
684 22
731 22
808 22
878 22
959 22
989 22
1028 22
1097 22
1153 22
1272 22
1358 22
1369 22
1403 22
1415 22
1423 22
1431 22
1432 22
1488 22
1516 22
1617 22
1664 22
1702 22
1715 22
1721 22
1899 22
2006 22
2008 22
2140 22
2162 22
2176 22
2193 22
2213 22
2275 22
2356 22
2411 22
2423 22
2733 22
2828 22
2905 22
3020 22
3041 22
3056 22
3146 22
3257 22
3265 22
3313 22
3417 22
3442 22
3454 22
3602 22
3763 22
3797 22
3838 22
3931 22
4015 22
4067 22
4153 22
4156 22
4392 22
4431 22
4491 22
4494 22
4565 22
4645 22
4683 22
4734 22
4782 22
4801 22
4885 22
5000 22
5099 22
5111 22
5225 22
5227 22
5257 22
5260 22
5284 22
5495 22
5648 22
5986 22
6026 22
6049 22
6095 22
6120 22
6133 22
6473 22
6722 22
6759 22
6842 22
7024 22
7064 22
7086 22
7091 22
7115 22
7147 22
7185 22
7198 22
7231 22
7247 22
7308 22
7518 22
7670 22
7997 22
8034 22
8108 22
8133 22
8243 22
8267 22
8440 22
8871 22
8972 22
8981 22
8998 22
9006 22
9200 22
9219 22
9339 22
9384 22
9537 22
9564 22
9569 22
9608 22
9654 22
9798 22
9823 22
9831 22
9924 22
9927 22
90 23
177 23
298 23
343 23
373 23
432 23
471 23
509 23
510 23
545 23
613 23
793 23
1049 23
1222 23
1277 23
1530 23
1532 23
1580 23
1606 23
1781 23
1836 23
1877 23
1926 23
1932 23
2005 23
2198 23
2304 23
2313 23
2363 23
2376 23
2405 23
2406 23
2487 23
2526 23
2603 23
2705 23
2779 23
2914 23
2916 23
2953 23
3045 23
3081 23
3156 23
3217 23
3244 23
3260 23
3264 23
3284 23
3358 23
3375 23
3420 23
3487 23
3494 23
3520 23
3526 23
3606 23
3611 23
3622 23
3727 23
3798 23
3900 23
4106 23
4192 23
4499 23
4584 23
4594 23
4622 23
4654 23
4764 23
4959 23
5033 23
5118 23
5149 23
5167 23
5493 23
5499 23
5521 23
5568 23
5634 23
5703 23
5774 23
5781 23
5804 23
5830 23
5908 23
6084 23
6132 23
6199 23
6222 23
6300 23
6305 23
6490 23
6564 23
6590 23
6659 23
6677 23
6757 23
6954 23
7054 23
7093 23
7214 23
7312 23
7451 23
7816 23
7820 23
7851 23
7853 23
7954 23
8125 23
8138 23
8195 23
8276 23
8355 23
8475 23
8712 23
8849 23
8895 23
8961 23
9150 23
9190 23
9225 23
9240 23
9557 23
9583 23
9663 23
9825 23
9899 23
9941 23
9958 23
9997 23
40 24
135 24
146 24
155 24
182 24
189 24
211 24
213 24
237 24
346 24
369 24
477 24
484 24
498 24
505 24
528 24
549 24
701 24
716 24
720 24
739 24
826 24
891 24
982 24
1013 24
1166 24
1168 24
1214 24
1228 24
1269 24
1357 24
1384 24
1433 24
1506 24
1508 24
1513 24
1620 24
1761 24
1766 24
1898 24
1918 24
1937 24
1939 24
2077 24
2084 24
2108 24
2218 24
2225 24
2284 24
2344 24
2533 24
2590 24
2596 24
2677 24
2769 24
2849 24
2854 24
2889 24
2966 24
3023 24
3055 24
3061 24
3115 24
3199 24
3215 24
3271 24
3296 24
3340 24
3374 24
3386 24
3395 24
3504 24
3707 24
3745 24
3768 24
3823 24
3862 24
3873 24
3905 24
4074 24
4150 24
4210 24
4220 24
4251 24
4264 24
4406 24
4454 24
4510 24
4589 24
4606 24
4625 24
4633 24
4680 24
4840 24
4846 24
4862 24
4927 24
4931 24
4954 24
4973 24
5007 24
5046 24
5086 24
5230 24
5327 24
5558 24
5580 24
5670 24
5730 24
6044 24
6144 24
6147 24
6157 24
6184 24
6230 24
6264 24
6311 24
6319 24
6372 24
6432 24
6447 24
6512 24
6566 24
6619 24
6710 24
6797 24
6815 24
6931 24
6934 24
6977 24
7007 24
7084 24
7094 24
7153 24
7159 24
7188 24
7299 24
7323 24
7339 24
7366 24
7409 24
7413 24
7440 24
7472 24
7497 24
7527 24
7625 24
7697 24
7711 24
7732 24
7750 24
7794 24
7812 24
7899 24
8014 24
8084 24
8135 24
8153 24
8163 24
8175 24
8290 24
8296 24
8408 24
8426 24
8471 24
8576 24
8707 24
8781 24
8804 24
8818 24
8932 24
8944 24
8952 24
9011 24
9060 24
9067 24
9181 24
9356 24
9375 24
9402 24
9558 24
9588 24
9597 24
9605 24
9609 24
9620 24
9640 24
9738 24
9773 24
9780 24
9881 24
9887 24
9911 24
9938 24
9966 24
14 25
75 25
79 25
88 25
96 25
109 25
145 25
164 25
184 25
290 25
320 25
333 25
340 25
395 25
419 25
425 25
486 25
499 25
536 25
546 25
557 25
593 25
606 25
761 25
784 25
814 25
845 25
856 25
876 25
885 25
907 25
956 25
962 25
970 25
1018 25
1066 25
1095 25
1173 25
1182 25
1215 25
1260 25
1264 25
1310 25
1319 25
1330 25
1391 25
1400 25
1425 25
1444 25
1453 25
1463 25
1477 25
1478 25
1630 25
1663 25
1681 25
1730 25
1741 25
1753 25
1799 25
1833 25
1843 25
1844 25
1856 25
1912 25
1925 25
1965 25
2000 25
2015 25
2058 25
2072 25
2080 25
2110 25
2119 25
2134 25
2188 25
2214 25
2243 25
2270 25
2335 25
2388 25
2431 25
2451 25
2458 25
2468 25
2470 25
2547 25
2595 25
2632 25
2633 25
2695 25
2715 25
2728 25
2812 25
2840 25
2860 25
2887 25
2900 25
2906 25
2929 25
3151 25
3207 25
3224 25
3247 25
3262 25
3346 25
3426 25
3428 25
3458 25
3459 25
3559 25
3571 25
3613 25
3637 25
3638 25
3672 25
3703 25
3722 25
3737 25
3856 25
3859 25
3879 25
3925 25
3952 25
3973 25
3974 25
4026 25
4031 25
4071 25
4077 25
4137 25
4172 25
4181 25
4186 25
4228 25
4242 25
4245 25
4268 25
4300 25
4331 25
4358 25
4383 25
4432 25
4477 25
4486 25
4515 25
4641 25
4674 25
4695 25
4746 25
4756 25
4757 25
4791 25
4794 25
4803 25
4834 25
4845 25
4893 25
4911 25
4946 25
5001 25
5005 25
5054 25
5124 25
5128 25
5164 25
5172 25
5206 25
5207 25
5212 25
5264 25
5292 25
5375 25
5379 25
5393 25
5401 25
5420 25
5445 25
5457 25
5474 25
5491 25
5569 25
5581 25
5598 25
5626 25
5636 25
5637 25
5641 25
5754 25
5840 25
5850 25
5859 25
5926 25
5938 25
5953 25
5956 25
5979 25
5991 25
6001 25
6039 25
6072 25
6078 25
6081 25
6096 25
6110 25
6161 25
6175 25
6176 25
6177 25
6225 25
6227 25
6246 25
6250 25
6252 25
6273 25
6278 25
6283 25
6312 25
6349 25
6351 25
6376 25
6404 25
6406 25
6470 25
6494 25
6579 25
6580 25
6606 25
6645 25
6660 25
6673 25
6700 25
6711 25
6761 25
6816 25
6853 25
6867 25
6898 25
6902 25
6926 25
6959 25
6967 25
6979 25
6982 25
7001 25
7013 25
7027 25
7042 25
7062 25
7114 25
7230 25
7234 25
7266 25
7274 25
7283 25
7334 25
7373 25
7396 25
7402 25
7411 25
7434 25
7449 25
7455 25
7461 25
7466 25
7470 25
7509 25
7514 25
7517 25
7539 25
7546 25
7565 25
7578 25
7589 25
7594 25
7607 25
7615 25
7616 25
7634 25
7663 25
7718 25
7764 25
7788 25
7802 25
7912 25
7941 25
8018 25
8022 25
8043 25
8060 25
8063 25
8148 25
8178 25
8198 25
8201 25
8213 25
8254 25
8257 25
8277 25
8299 25
8323 25
8356 25
8359 25
8395 25
8417 25
8434 25
8455 25
8461 25
8494 25
8546 25
8589 25
8627 25
8647 25
8658 25
8705 25
8759 25
8780 25
8867 25
8874 25
8921 25
8926 25
8985 25
9013 25
9064 25
9084 25
9111 25
9244 25
9254 25
9357 25
9463 25
9496 25
9497 25
9501 25
9529 25
9571 25
9582 25
9594 25
9600 25
9612 25
9627 25
9652 25
9671 25
9687 25
9705 25
9714 25
9718 25
9772 25
9827 25
9852 25
9856 25
9858 25
9865 25
9880 25
9897 25
9905 25
9930 25
9957 25
9963 25
9968 25
175 26
241 26
253 26
335 26
558 26
573 26
589 26
602 26
624 26
726 26
767 26
868 26
884 26
909 26
977 26
995 26
1009 26
1011 26
1015 26
1139 26
1150 26
1180 26
1196 26
1285 26
1309 26
1322 26
1401 26
1464 26
1511 26
1551 26
1658 26
1711 26
1712 26
1737 26
1749 26
1857 26
1966 26
1980 26
1989 26
2056 26
2061 26
2155 26
2172 26
2177 26
2185 26
2189 26
2195 26
2202 26
2232 26
2271 26
2377 26
2398 26
2439 26
2444 26
2486 26
2631 26
2739 26
2759 26
2846 26
2880 26
2947 26
2957 26
2964 26
2967 26
3026 26
3053 26
3094 26
3166 26
3193 26
3222 26
3226 26
3229 26
3324 26
3434 26
3468 26
3516 26
3555 26
3773 26
3918 26
4046 26
4082 26
4142 26
4254 26
4283 26
4290 26
4296 26
4307 26
4311 26
4342 26
4372 26
4374 26
4401 26
4443 26
4449 26
4468 26
4483 26
4498 26
4628 26
4698 26
4718 26
4841 26
5077 26
5089 26
5104 26
5291 26
5398 26
5412 26
5428 26
5527 26
5691 26
5743 26
5816 26
5821 26
5909 26
5930 26
5934 26
6029 26
6089 26
6099 26
6182 26
6183 26
6248 26
6257 26
6293 26
6301 26
6309 26
6381 26
6430 26
6465 26
6586 26
6597 26
6616 26
6642 26
6701 26
6704 26
6723 26
6768 26
6804 26
6805 26
6845 26
6956 26
6990 26
7061 26
7182 26
7186 26
7235 26
7255 26
7282 26
7296 26
7338 26
7352 26
7421 26
7442 26
7481 26
7488 26
7519 26
7560 26
7580 26
7637 26
7665 26
7684 26
7765 26
7767 26
7770 26
7920 26
7967 26
7993 26
8009 26
8027 26
8036 26
8105 26
8123 26
8174 26
8203 26
8204 26
8291 26
8318 26
8341 26
8504 26
8586 26
8634 26
8666 26
8674 26
8749 26
8794 26
8810 26
8819 26
8829 26
8837 26
8872 26
8979 26
9004 26
9034 26
9042 26
9062 26
9093 26
9127 26
9233 26
9261 26
9298 26
9301 26
9323 26
9353 26
9362 26
9426 26
9434 26
9510 26
9573 26
9632 26
9637 26
9658 26
9690 26
9751 26
9756 26
9926 26
964 27
1191 27
1345 27
1842 27
2459 27
2952 27
3097 27
3198 27
3951 27
4355 27
4810 27
4925 27
4926 27
5928 27
6040 27
7047 27
7275 27
7534 27
7542 27
7716 27
7811 27
7854 27
8054 27
9083 27
9601 27
9763 27
57 28
77 28
180 28
316 28
399 28
551 28
552 28
592 28
646 28
724 28
854 28
913 28
932 28
941 28
963 28
1012 28
1017 28
1048 28
1149 28
1209 28
1239 28
1247 28
1363 28
1392 28
1398 28
1517 28
1537 28
1545 28
1578 28
1597 28
1627 28
1868 28
1929 28
1946 28
2092 28
2113 28
2118 28
2166 28
2209 28
2235 28
2264 28
2346 28
2358 28
2436 28
2440 28
2479 28
2584 28
2619 28
2620 28
2638 28
2777 28
2787 28
2817 28
2885 28
2980 28
3005 28
3107 28
3124 28
3144 28
3169 28
3186 28
3276 28
3308 28
3329 28
3337 28
3362 28
3365 28
3450 28
3480 28
3490 28
3546 28
3584 28
3608 28
3619 28
3625 28
3860 28
3975 28
4006 28
4012 28
4034 28
4041 28
4055 28
4068 28
4086 28
4158 28
4198 28
4269 28
4345 28
4397 28
4412 28
4480 28
4583 28
4620 28
4666 28
4733 28
4860 28
4874 28
4879 28
4904 28
4908 28
4910 28
4962 28
5011 28
5028 28
5141 28
5223 28
5334 28
5423 28
5424 28
5492 28
5557 28
5661 28
5733 28
5759 28
5796 28
5922 28
5937 28
6097 28
6135 28
6191 28
6306 28
6388 28
6399 28
6466 28
6475 28
6514 28
6557 28
6613 28
6656 28
6658 28
6862 28
6929 28
7033 28
7035 28
7036 28
7056 28
7125 28
7141 28
7257 28
7324 28
7369 28
7393 28
7443 28
7535 28
7561 28
7604 28
7639 28
7793 28
7823 28
7841 28
7844 28
7965 28
7966 28
7979 28
8075 28
8185 28
8186 28
8214 28
8233 28
8268 28
8269 28
8297 28
8327 28
8344 28
8386 28
8406 28
8414 28
8427 28
8499 28
8605 28
8648 28
8725 28
8855 28
8873 28
8913 28
8950 28
9199 28
9287 28
9369 28
9527 28
9550 28
9567 28
9580 28
9585 28
9589 28
9603 28
9650 28
9702 28
9709 28
9840 28
9877 28
9931 28
9950 28
30 29
53 29
78 29
93 29
131 29
154 29
196 29
242 29
402 29
539 29
544 29
576 29
665 29
668 29
747 29
943 29
952 29
1003 29
1010 29
1020 29
1041 29
1069 29
1117 29
1123 29
1227 29
1287 29
1352 29
1370 29
1406 29
1442 29
1524 29
1528 29
1599 29
1670 29
1671 29
1673 29
1688 29
1728 29
1752 29
1812 29
1817 29
1837 29
1848 29
1910 29
2148 29
2158 29
2224 29
2230 29
2266 29
2347 29
2357 29
2361 29
2402 29
2485 29
2518 29
2530 29
2571 29
2602 29
2646 29
2654 29
2687 29
2696 29
2717 29
2734 29
2737 29
2770 29
2848 29
2881 29
3007 29
3133 29
3139 29
3163 29
3196 29
3223 29
3253 29
3289 29
3300 29
3315 29
3461 29
3484 29
3497 29
3548 29
3667 29
3680 29
3684 29
3705 29
3828 29
3865 29
3877 29
3890 29
3911 29
4023 29
4105 29
4110 29
4116 29
4183 29
4241 29
4244 29
4247 29
4285 29
4289 29
4398 29
4472 29
4485 29
4524 29
4532 29
4553 29
4601 29
4675 29
4676 29
4817 29
4859 29
4864 29
5030 29
5062 29
5073 29
5098 29
5217 29
5246 29
5288 29
5295 29
5388 29
5394 29
5402 29
5452 29
5496 29
5667 29
5674 29
5707 29
5746 29
5748 29
5800 29
6058 29
6269 29
6338 29
6429 29
6479 29
6505 29
6515 29
6632 29
6655 29
6661 29
6709 29
6718 29
6976 29
7017 29
7025 29
7069 29
7124 29
7260 29
7280 29
7343 29
7356 29
7491 29
7597 29
7658 29
7708 29
7741 29
7801 29
7915 29
7947 29
8046 29
8110 29
8142 29
8194 29
8343 29
8347 29
8348 29
8437 29
8532 29
8549 29
8581 29
8650 29
8722 29
8741 29
8774 29
8779 29
8846 29
9028 29
9153 29
9157 29
9178 29
9193 29
9211 29
9246 29
9257 29
9281 29
9316 29
9385 29
9464 29
9476 29
9602 29
9622 29
9631 29
9638 29
9651 29
9694 29
9741 29
9752 29
9759 29
9770 29
9777 29
9914 29
9987 29
52 30
126 30
272 30
376 30
444 30
601 30
636 30
733 30
740 30
764 30
822 30
901 30
950 30
1155 30
1175 30
1202 30
1203 30
1216 30
1250 30
1449 30
1460 30
1461 30
1486 30
1512 30
1588 30
1615 30
1626 30
1683 30
1689 30
1725 30
1778 30
1788 30
1790 30
1894 30
1930 30
1938 30
2087 30
2094 30
2116 30
2238 30
2279 30
2305 30
2407 30
2409 30
2455 30
2471 30
2473 30
2659 30
2660 30
2669 30
2713 30
2747 30
2811 30
2868 30
2910 30
2925 30
2930 30
2996 30
3154 30
3195 30
3210 30
3266 30
3305 30
3311 30
3373 30
3633 30
3742 30
3908 30
3982 30
4050 30
4069 30
4104 30
4108 30
4277 30
4320 30
4367 30
4512 30
4569 30
4710 30
4725 30
4729 30
4769 30
4809 30
4854 30
5026 30
5047 30
5066 30
5090 30
5218 30
5359 30
5459 30
5560 30
5597 30
5663 30
5715 30
5762 30
5767 30
5827 30
6125 30
6392 30
6461 30
6575 30
6770 30
6783 30
6790 30
6944 30
6945 30
6988 30
7063 30
7127 30
7180 30
7359 30
7467 30
7543 30
7567 30
7734 30
7808 30
7995 30
8058 30
8078 30
8159 30
8245 30
8313 30
8340 30
8351 30
8464 30
8480 30
8518 30
8533 30
8602 30
8644 30
8693 30
8928 30
8931 30
9048 30
9145 30
9214 30
9229 30
9269 30
9332 30
9355 30
9579 30
9943 30
9961 30
8 31
116 31
149 31
216 31
327 31
467 31
483 31
561 31
786 31
788 31
837 31
880 31
904 31
924 31
926 31
1177 31
1236 31
1258 31
1326 31
1365 31
1430 31
1501 31
1662 31
1666 31
1682 31
1797 31
1865 31
1928 31
2137 31
2187 31
2212 31
2289 31
2330 31
2408 31
2650 31
2888 31
2978 31
2991 31
3000 31
3017 31
3035 31
3046 31
3051 31
3190 31
3248 31
3502 31
3723 31
3906 31
3941 31
4128 31
4564 31
4599 31
4692 31
4754 31
4949 31
5051 31
5055 31
5110 31
5185 31
5188 31
5340 31
5378 31
5501 31
5559 31
5576 31
5621 31
5644 31
5752 31
5773 31
6070 31
6178 31
6353 31
6379 31
6409 31
6413 31
6436 31
6516 31
6692 31
6719 31
6731 31
6776 31
6785 31
6893 31
7023 31
7034 31
7146 31
7428 31
7437 31
7696 31
7733 31
7778 31
7857 31
7859 31
7902 31
8030 31
8070 31
8077 31
8091 31
8126 31
8146 31
8242 31
8387 31
8432 31
8594 31
8663 31
8731 31
9031 31
9110 31
9129 31
9405 31
9457 31
4 32
28 32
31 32
56 32
107 32
117 32
132 32
150 32
222 32
232 32
325 32
476 32
555 32
650 32
718 32
727 32
827 32
860 32
862 32
923 32
975 32
1001 32
1014 32
1029 32
1093 32
1210 32
1229 32
1312 32
1405 32
1410 32
1427 32
1526 32
1587 32
1608 32
1643 32
1731 32
1769 32
1855 32
1858 32
1873 32
1961 32
2017 32
2105 32
2128 32
2282 32
2299 32
2369 32
2401 32
2415 32
2489 32
2527 32
2634 32
2658 32
2708 32
2723 32
2774 32
2804 32
3070 32
3096 32
3129 32
3176 32
3255 32
3292 32
3388 32
3456 32
3465 32
3511 32
3580 32
3630 32
3661 32
3687 32
3753 32
3784 32
3796 32
3839 32
3857 32
3874 32
3884 32
3897 32
3948 32
3980 32
3985 32
4018 32
4047 32
4058 32
4126 32
4221 32
4322 32
4646 32
4648 32
4660 32
4661 32
4706 32
4715 32
4726 32
4727 32
4755 32
4789 32
4826 32
4890 32
4895 32
4906 32
4929 32
4941 32
4984 32
5024 32
5192 32
5208 32
5313 32
5416 32
5478 32
5480 32
5609 32
5613 32
5825 32
5913 32
5929 32
5971 32
6077 32
6170 32
6242 32
6302 32
6394 32
6410 32
6441 32
6525 32
6573 32
6629 32
6777 32
6839 32
6865 32
6911 32
6958 32
7055 32
7072 32
7104 32
7174 32
7187 32
7224 32
7297 32
7306 32
7362 32
7419 32
7538 32
7555 32
7600 32
7601 32
7612 32
7655 32
7672 32
7698 32
7700 32
7704 32
7731 32
7858 32
7890 32
7930 32
7946 32
8026 32
8055 32
8089 32
8131 32
8177 32
8215 32
8235 32
8266 32
8352 32
8366 32
8397 32
8534 32
8585 32
8665 32
8668 32
8681 32
8710 32
8736 32
8881 32
8885 32
8902 32
8953 32
9001 32
9046 32
9140 32
9146 32
9172 32
9290 32
9297 32
9312 32
9320 32
9340 32
9411 32
9487 32
9494 32
9576 32
9683 32
9706 32
9712 32
9715 32
9731 32
9766 32
9871 32
9907 32
9996 32
10 33
34 33
105 33
159 33
208 33
217 33
224 33
236 33
261 33
288 33
291 33
375 33
457 33
460 33
535 33
621 33
629 33
692 33
737 33
875 33
980 33
1019 33
1072 33
1074 33
1252 33
1263 33
1324 33
1373 33
1428 33
1614 33
1635 33
1771 33
1811 33
1829 33
1908 33
2003 33
2132 33
2135 33
2142 33
2171 33
2350 33
2383 33
2462 33
2500 33
2604 33
2614 33
2939 33
2999 33
3221 33
3250 33
3252 33
3295 33
3314 33
3334 33
3652 33
3660 33
3671 33
3732 33
3809 33
3852 33
4144 33
4227 33
4376 33
4627 33
4688 33
4802 33
4916 33
5063 33
5161 33
5181 33
5200 33
5346 33
5384 33
5456 33
5483 33
5539 33
5628 33
5668 33
5685 33
5711 33
5811 33
5855 33
5945 33
6007 33
6035 33
6249 33
6274 33
6294 33
6327 33
6386 33
6534 33
6553 33
6729 33
7109 33
7161 33
7171 33
7176 33
7270 33
7318 33
7376 33
7380 33
7473 33
7611 33
7721 33
7933 33
8066 33
8223 33
8262 33
8415 33
8501 33
8591 33
8621 33
8622 33
8717 33
8803 33
8827 33
8959 33
8977 33
9043 33
9160 33
9288 33
9406 33
9454 33
9552 33
9646 33
9656 33
9742 33
9940 33
9984 33
44 34
219 34
579 34
791 34
832 34
947 34
981 34
1152 34
1184 34
1219 34
1305 34
1346 34
1382 34
1471 34
1591 34
1592 34
1637 34
1704 34
1707 34
1717 34
1756 34
1834 34
1954 34
2174 34
2255 34
2309 34
2329 34
2349 34
2393 34
2467 34
2480 34
2721 34
2746 34
2790 34
2800 34
2851 34
2878 34
2883 34
2972 34
3076 34
3138 34
3278 34
3306 34
3382 34
3547 34
3592 34
3669 34
3800 34
3836 34
3995 34
4140 34
4141 34
4375 34
4428 34
4462 34
4528 34
4561 34
4613 34
4684 34
4797 34
4804 34
4866 34
5052 34
5057 34
5123 34
5238 34
5338 34
5429 34
5622 34
5651 34
5699 34
5869 34
5999 34
6023 34
6027 34
6408 34
6428 34
6528 34
6644 34
6724 34
6819 34
6900 34
6978 34
7284 34
7333 34
7592 34
7626 34
7763 34
7833 34
7960 34
7975 34
7983 34
8080 34
8119 34
8164 34
8317 34
8379 34
8522 34
8861 34
8904 34
8911 34
9026 34
9217 34
9258 34
9293 34
9394 34
9413 34
9460 34
9485 34
9672 34
9864 34
9994 34
73 35
89 35
120 35
151 35
229 35
235 35
304 35
370 35
431 35
508 35
531 35
594 35
847 35
867 35
921 35
1025 35
1044 35
1081 35
1133 35
1194 35
1249 35
1380 35
1387 35
1390 35
1565 35
1806 35
1945 35
1975 35
2143 35
2311 35
2315 35
2413 35
2498 35
2665 35
2755 35
2863 35
2876 35
2937 35
2968 35
2969 35
2971 35
2985 35
3014 35
3093 35
3343 35
3385 35
3470 35
3805 35
3808 35
3872 35
4252 35
4256 35
4395 35
4591 35
4780 35
4831 35
4832 35
4871 35
4924 35
5037 35
5082 35
5102 35
5395 35
5697 35
5726 35
5995 35
6021 35
6085 35
6122 35
6174 35
6216 35
6272 35
6282 35
6292 35
6299 35
6390 35
6469 35
6662 35
6782 35
6968 35
7039 35
7158 35
7213 35
7259 35
7403 35
7439 35
7459 35
7474 35
7499 35
7553 35
7644 35
7648 35
7649 35
7791 35
7936 35
7970 35
7972 35
8041 35
8048 35
8103 35
8196 35
8228 35
8273 35
8294 35
8350 35
8445 35
8550 35
8661 35
8686 35
8732 35
8978 35
9037 35
9070 35
9367 35
9428 35
9534 35
9556 35
9587 35
9611 35
9784 35
9915 35
9920 35
128 36
198 36
275 36
280 36
332 36
355 36
360 36
410 36
578 36
597 36
715 36
721 36
738 36
765 36
780 36
840 36
849 36
865 36
889 36
893 36
922 36
976 36
1036 36
1061 36
1207 36
1245 36
1301 36
1313 36
1386 36
1440 36
1497 36
1546 36
1563 36
1566 36
1623 36
1680 36
1765 36
1810 36
1964 36
2010 36
2048 36
2049 36
2089 36
2096 36
2102 36
2123 36
2130 36
2222 36
2268 36
2288 36
2337 36
2382 36
2566 36
2616 36
2675 36
2707 36
2831 36
2899 36
2918 36
2976 36
3091 36
3117 36
3235 36
3321 36
3412 36
3457 36
3462 36
3499 36
3552 36
3581 36
3599 36
3654 36
3717 36
3726 36
3746 36
3779 36
3866 36
3907 36
3919 36
3966 36
3968 36
4004 36
4037 36
4059 36
4133 36
4222 36
4276 36
4323 36
4353 36
4469 36
4523 36
4529 36
4603 36
4615 36
4647 36
4649 36
4701 36
4723 36
4770 36
4850 36
4880 36
4964 36
4988 36
5038 36
5101 36
5127 36
5163 36
5182 36
5270 36
5279 36
5324 36
5377 36
5389 36
5461 36
5477 36
5544 36
5610 36
5657 36
5724 36
5727 36
5734 36
5794 36
5831 36
5881 36
5987 36
6011 36
6032 36
6091 36
6142 36
6202 36
6213 36
6313 36
6419 36
6438 36
6486 36
6493 36
6498 36
6506 36
6552 36
6561 36
6565 36
6568 36
6588 36
6674 36
6675 36
6743 36
6747 36
6826 36
6868 36
7002 36
7006 36
7026 36
7048 36
7053 36
7129 36
7246 36
7313 36
7372 36
7429 36
7445 36
7526 36
7547 36
7549 36
7559 36
7636 36
7657 36
7695 36
7806 36
7848 36
7870 36
7878 36
7909 36
7996 36
8012 36
8197 36
8322 36
8353 36
8446 36
8528 36
8535 36
8548 36
8588 36
8597 36
8659 36
8682 36
8742 36
8799 36
8844 36
8880 36
8906 36
8974 36
9000 36
9008 36
9071 36
9088 36
9159 36
9207 36
9306 36
9315 36
9363 36
9442 36
9483 36
9513 36
9546 36
9578 36
9604 36
9820 36
9838 36
9875 36
9900 36
172 37
835 37
1279 37
1795 37
1984 37
2075 37
2101 37
3617 37
3677 37
4273 37
4373 37
5809 37
5851 37
5941 37
6160 37
6352 37
6487 37
6738 37
7438 37
8076 37
8403 37
8763 37
9198 37
9313 37
9591 37
9685 37
9989 37
7 38
29 38
39 38
111 38
205 38
207 38
268 38
305 38
318 38
328 38
364 38
382 38
449 38
569 38
630 38
643 38
695 38
699 38
722 38
825 38
830 38
838 38
863 38
958 38
1042 38
1197 38
1235 38
1257 38
1437 38
1490 38
1495 38
1522 38
1529 38
1611 38
1647 38
1672 38
1696 38
1893 38
1944 38
1958 38
1981 38
1990 38
2014 38
2248 38
2477 38
2491 38
2492 38
2493 38
2535 38
2564 38
2572 38
2575 38
2593 38
2624 38
2652 38
2655 38
2676 38
2768 38
2827 38
2904 38
3068 38
3331 38
3335 38
3381 38
3449 38
3466 38
3620 38
3690 38
3801 38
3806 38
3844 38
3848 38
3849 38
3976 38
4052 38
4056 38
4066 38
4208 38
4267 38
4411 38
4453 38
4503 38
4526 38
4545 38
4611 38
4691 38
4728 38
4732 38
4795 38
5201 38
5345 38
5449 38
5460 38
5588 38
5592 38
5706 38
5721 38
5807 38
5829 38
5867 38
5981 38
6134 38
6296 38
6328 38
6356 38
6380 38
6562 38
6595 38
6766 38
6882 38
6933 38
6940 38
6942 38
6993 38
7066 38
7142 38
7279 38
7337 38
7354 38
7364 38
7384 38
7447 38
7464 38
7522 38
7532 38
7656 38
7660 38
7703 38
7836 38
8147 38
8264 38
8540 38
8638 38
8656 38
8683 38
8898 38
8947 38
8964 38
8987 38
9050 38
9078 38
9280 38
9283 38
9540 38
9675 38
9682 38
9848 38
9850 38
9916 38
9933 38
15 39
121 39
264 39
277 39
394 39
406 39
434 39
473 39
493 39
562 39
588 39
645 39
689 39
694 39
742 39
758 39
762 39
777 39
842 39
931 39
940 39
949 39
1057 39
1073 39
1142 39
1158 39
1192 39
1201 39
1224 39
1234 39
1320 39
1331 39
1385 39
1436 39
1494 39
1531 39
1679 39
1744 39
1775 39
1777 39
1816 39
2027 39
2028 39
2030 39
2154 39
2291 39
2295 39
2318 39
2323 39
2421 39
2497 39
2506 39
2570 39
2597 39
2744 39
2750 39
2814 39
3015 39
3042 39
3062 39
3216 39
3366 39
3369 39
3387 39
3392 39
3429 39
3447 39
3496 39
3583 39
3588 39
3639 39
3673 39
3761 39
3762 39
3815 39
4093 39
4348 39
4415 39
4420 39
4617 39
4623 39
4626 39
4635 39
4637 39
4677 39
4708 39
4750 39
4759 39
5152 39
5162 39
5168 39
5311 39
5325 39
5369 39
5372 39
5575 39
5611 39
5682 39
5683 39
5742 39
5790 39
5802 39
5949 39
5950 39
5966 39
5993 39
6060 39
6128 39
6197 39
6217 39
6256 39
6316 39
6489 39
6524 39
6665 39
6737 39
6744 39
6760 39
6771 39
6773 39
6822 39
6832 39
6891 39
6932 39
6941 39
6994 39
7092 39
7212 39
7328 39
7341 39
7347 39
7365 39
7390 39
7406 39
7410 39
7431 39
7541 39
7575 39
7599 39
7628 39
7838 39
7839 39
7856 39
7884 39
7998 39
8094 39
8181 39
8281 39
8306 39
8381 39
8382 39
8393 39
8404 39
8418 39
8498 39
8608 39
8701 39
8727 39
8739 39
8746 39
8762 39
8765 39
8772 39
8982 39
9017 39
9154 39
9170 39
9232 39
9259 39
9278 39
9296 39
9329 39
9331 39
9397 39
9407 39
9425 39
9433 39
9480 39
9531 39
9539 39
9623 39
9643 39
9737 39
9749 39
9750 39
9783 39
9833 39
9883 39
35 40
81 40
91 40
101 40
122 40
231 40
258 40
312 40
374 40
404 40
447 40
500 40
609 40
702 40
725 40
757 40
759 40
804 40
866 40
908 40
1240 40
1274 40
1316 40
1378 40
1492 40
1493 40
1500 40
1542 40
1562 40
1638 40
1706 40
1716 40
1809 40
1881 40
1907 40
1994 40
2045 40
2099 40
2106 40
2112 40
2136 40
2146 40
2182 40
2191 40
2196 40
2256 40
2287 40
2488 40
2525 40
2548 40
2592 40
2754 40
2760 40
2805 40
2807 40
2886 40
2927 40
2989 40
3001 40
3003 40
3098 40
3120 40
3177 40
3267 40
3280 40
3384 40
3406 40
3408 40
3460 40
3528 40
3699 40
3780 40
3819 40
3824 40
3944 40
3994 40
4057 40
4122 40
4180 40
4359 40
4366 40
4414 40
4437 40
4438 40
4550 40
4559 40
4560 40
4567 40
4614 40
4616 40
4630 40
4656 40
4671 40
4687 40
4714 40
4768 40
4774 40
4811 40
4814 40
4857 40
4932 40
4938 40
4960 40
4995 40
4997 40
5015 40
5021 40
5116 40
5155 40
5339 40
5404 40
5410 40
5473 40
5518 40
5533 40
5541 40
5579 40
5601 40
5653 40
5684 40
5760 40
5771 40
5810 40
5828 40
5856 40
5861 40
5872 40
5874 40
5890 40
5942 40
5952 40
6050 40
6290 40
6303 40
6315 40
6335 40
6359 40
6403 40
6456 40
6462 40
6517 40
6574 40
6615 40
6648 40
6672 40
6728 40
6781 40
6878 40
6975 40
7152 40
7229 40
7264 40
7414 40
7570 40
7622 40
7671 40
7674 40
7725 40
7865 40
7980 40
8064 40
8139 40
8156 40
8192 40
8311 40
8364 40
8392 40
8444 40
8536 40
8563 40
8643 40
8667 40
8697 40
8711 40
8839 40
8842 40
8850 40
8896 40
9113 40
9167 40
9186 40
9191 40
9196 40
9208 40
9237 40
9272 40
9289 40
9346 40
9429 40
9495 40
9518 40
9545 40
9554 40
9699 40
9753 40
9793 40
9843 40
9921 40
5 41
63 41
113 41
186 41
197 41
262 41
294 41
470 41
580 41
585 41
644 41
677 41
805 41
809 41
813 41
817 41
833 41
851 41
890 41
905 41
965 41
969 41
991 41
1082 41
1114 41
1518 41
1519 41
1540 41
1548 41
1579 41
1677 41
1850 41
1862 41
2042 41
2064 41
2091 41
2124 41
2178 41
2251 41
2290 41
2292 41
2301 41
2328 41
2416 41
2417 41
2420 41
2437 41
2623 41
2727 41
2792 41
2834 41
2870 41
3135 41
3159 41
3161 41
3173 41
3187 41
3272 41
3285 41
3316 41
3355 41
3679 41
3698 41
3767 41
3807 41
3818 41
3827 41
3889 41
3896 41
3962 41
3964 41
3981 41
4349 41
4388 41
4400 41
4586 41
4636 41
4719 41
4883 41
4948 41
4956 41
4980 41
4999 41
5229 41
5244 41
5266 41
5397 41
5534 41
5546 41
5589 41
5596 41
5687 41
5783 41
5818 41
5932 41
5933 41
5951 41
5970 41
6025 41
6107 41
6172 41
6237 41
6261 41
6375 41
6385 41
6402 41
6437 41
6442 41
6444 41
6560 41
6628 41
6688 41
6775 41
6795 41
6825 41
6919 41
6970 41
7119 41
7128 41
7241 41
7245 41
7254 41
7316 41
7392 41
7489 41
7501 41
7530 41
7668 41
7720 41
7892 41
7914 41
7959 41
7999 41
8365 41
8380 41
8435 41
8450 41
8487 41
8506 41
8572 41
8614 41
8630 41
8642 41
8758 41
8806 41
8808 41
8836 41
8838 41
8863 41
8957 41
9141 41
9336 41
9435 41
9548 41
9665 41
9667 41
9785 41
9922 41
263 42
281 42
356 42
454 42
469 42
713 42
753 42
1176 42
1253 42
1267 42
1328 42
1336 42
1372 42
1451 42
1475 42
1699 42
1792 42
1854 42
1967 42
2175 42
2200 42
2205 42
2469 42
2552 42
2752 42
2794 42
2829 42
2941 42
2965 42
3038 42
3172 42
3294 42
3351 42
3353 42
3443 42
3495 42
3595 42
3642 42
3649 42
3712 42
3842 42
3954 42
3963 42
4028 42
4201 42
4209 42
4263 42
4305 42
4781 42
4888 42
4944 42
5184 42
5442 42
5472 42
5551 42
5848 42
5865 42
5962 42
6053 42
6115 42
6214 42
6367 42
6542 42
6594 42
6609 42
6653 42
6663 42
6680 42
6684 42
6794 42
6802 42
6803 42
7004 42
7140 42
7204 42
7221 42
7262 42
7263 42
7367 42
7454 42
7510 42
7558 42
7581 42
7690 42
7888 42
8161 42
8244 42
8337 42
8411 42
8660 42
8700 42
8789 42
8826 42
8905 42
8967 42
9027 42
9035 42
9161 42
9238 42
9399 42
9401 42
9468 42
9477 42
9614 42
9748 42
9754 42
9849 42
9944 42
22 43
247 43
348 43
389 43
453 43
461 43
570 43
652 43
752 43
815 43
967 43
1026 43
1033 43
1063 43
1080 43
1085 43
1172 43
1188 43
1220 43
1293 43
1411 43
1474 43
1476 43
1569 43
1573 43
1654 43
1684 43
1773 43
1859 43
2038 43
2156 43
2219 43
2236 43
2307 43
2308 43
2338 43
2446 43
2453 43
2508 43
2529 43
2691 43
2722 43
2731 43
2783 43
2832 43
2877 43
2961 43
2975 43
2982 43
3064 43
3079 43
3105 43
3240 43
3318 43
3446 43
3702 43
3754 43
3764 43
3863 43
3945 43
3953 43
3956 43
4035 43
4079 43
4090 43
4159 43
4232 43
4281 43
4303 43
4310 43
4332 43
4336 43
4424 43
4445 43
4543 43
4590 43
4607 43
4624 43
4662 43
4704 43
4753 43
4828 43
4855 43
4898 43
4963 43
5014 43
5031 43
5126 43
5173 43
5255 43
5262 43
5362 43
5406 43
5503 43
5681 43
5709 43
5770 43
5780 43
5787 43
5795 43
5799 43
5836 43
5849 43
6151 43
6201 43
6266 43
6286 43
6346 43
6484 43
6555 43
6646 43
6758 43
6835 43
6973 43
6974 43
6983 43
7012 43
7074 43
7131 43
7165 43
7190 43
7239 43
7397 43
7460 43
7513 43
7758 43
7799 43
7805 43
7952 43
8037 43
8111 43
8188 43
8373 43
8378 43
8383 43
8492 43
8516 43
8538 43
8543 43
8590 43
8757 43
8857 43
8876 43
8965 43
9045 43
9080 43
9144 43
9201 43
9295 43
9333 43
9448 43
9478 43
9693 43
9876 43
9893 43
9908 43
9937 43
9988 43
100 44
153 44
167 44
173 44
299 44
412 44
596 44
656 44
700 44
719 44
778 44
823 44
972 44
1120 44
1290 44
1376 44
1600 44
1652 44
1805 44
1820 44
1851 44
1864 44
1887 44
2020 44
2097 44
2126 44
2254 44
2510 44
2574 44
2651 44
2726 44
2784 44
2861 44
2891 44
2924 44
3033 44
3165 44
3185 44
3189 44
3695 44
3708 44
3751 44
4089 44
4145 44
4164 44
4239 44
4347 44
4460 44
4509 44
4602 44
4612 44
4989 44
5003 44
5215 44
5399 44
5505 44
5741 44
5756 44
5758 44
5853 44
5939 44
6014 44
6020 44
6052 44
6068 44
6163 44
6189 44
6209 44
6348 44
6476 44
6480 44
6499 44
6533 44
6626 44
6687 44
6750 44
6801 44
6890 44
6908 44
6917 44
6928 44
6963 44
7038 44
7090 44
7151 44
7167 44
7200 44
7483 44
7496 44
7642 44
7746 44
7755 44
7756 44
7775 44
7976 44
7986 44
8109 44
8205 44
8252 44
8329 44
8422 44
8507 44
8878 44
8970 44
9033 44
9122 44
9220 44
9532 44
9647 44
9653 44
9808 44
9928 44
65 45
240 45
289 45
383 45
403 45
516 45
574 45
632 45
698 45
836 45
874 45
1090 45
1107 45
1189 45
1268 45
1286 45
1299 45
1315 45
1321 45
1618 45
1733 45
1853 45
1950 45
2032 45
2082 45
2201 45
2249 45
2253 45
2316 45
2336 45
2543 45
2553 45
2568 45
2647 45
2826 45
2866 45
2884 45
3083 45
3141 45
3192 45
3317 45
3389 45
3423 45
3464 45
3510 45
3551 45
3666 45
3791 45
3811 45
3825 45
3834 45
3871 45
3886 45
3913 45
4021 45
4121 45
4205 45
4213 45
4248 45
4253 45
4302 45
4377 45
4427 45
4435 45
4887 45
4919 45
5019 45
5137 45
5158 45
5276 45
5305 45
5357 45
5361 45
5464 45
5513 45
5517 45
5542 45
5761 45
5798 45
5982 45
6162 45
6224 45
6228 45
6234 45
6366 45
6508 45
6527 45
6554 45
6592 45
6657 45
6806 45
6964 45
7014 45
7065 45
7285 45
7360 45
7394 45
7480 45
7537 45
7688 45
7719 45
7739 45
7862 45
7982 45
8017 45
8068 45
8144 45
8300 45
8346 45
8357 45
8433 45
8478 45
8483 45
8496 45
8527 45
8565 45
8671 45
8689 45
8782 45
8785 45
8875 45
8900 45
9102 45
9108 45
9117 45
9349 45
9378 45
9414 45
9490 45
9670 45
9729 45
9787 45
9818 45
9925 45
130 46
139 46
192 46
334 46
354 46
361 46
371 46
387 46
452 46
474 46
488 46
533 46
599 46
608 46
661 46
672 46
706 46
711 46
751 46
811 46
818 46
1005 46
1071 46
1116 46
1204 46
1205 46
1261 46
1343 46
1371 46
1409 46
1468 46
1479 46
1520 46
1667 46
1718 46
1827 46
1882 46
2022 46
2040 46
2167 46
2181 46
2208 46
2281 46
2296 46
2312 46
2322 46
2348 46
2389 46
2396 46
2432 46
2457 46
2534 46
2577 46
2594 46
2680 46
2702 46
2710 46
2711 46
2758 46
2815 46
2830 46
2935 46
3013 46
3040 46
3155 46
3282 46
3290 46
3333 46
3396 46
3474 46
3498 46
3577 46
3579 46
3646 46
3681 46
3689 46
3716 46
3781 46
3893 46
3910 46
3996 46
4009 46
4170 46
4176 46
4219 46
4249 46
4275 46
4313 46
4389 46
4425 46
4527 46
4538 46
4541 46
4598 46
4631 46
4644 46
4679 46
4694 46
4740 46
4835 46
4848 46
4917 46
4982 46
5084 46
5088 46
5093 46
5097 46
5139 46
5224 46
5243 46
5277 46
5289 46
5314 46
5337 46
5342 46
5353 46
5479 46
5504 46
5554 46
5570 46
5677 46
5712 46
5805 46
5823 46
5846 46
5898 46
5904 46
5968 46
5994 46
6030 46
6207 46
6397 46
6446 46
6474 46
6502 46
6678 46
6821 46
6827 46
6834 46
7051 46
7089 46
7138 46
7149 46
7267 46
7340 46
7572 46
7620 46
7640 46
7653 46
7745 46
7754 46
7796 46
7798 46
7880 46
7910 46
7944 46
7945 46
7962 46
8020 46
8059 46
8101 46
8250 46
8285 46
8305 46
8377 46
8389 46
8399 46
8419 46
8424 46
8468 46
8520 46
8567 46
8685 46
8760 46
8764 46
8809 46
8813 46
8840 46
9002 46
9003 46
9056 46
9123 46
9171 46
9203 46
9308 46
9360 46
9581 46
9679 46
9697 46
9707 46
9710 46
9769 46
9786 46
9802 46
9868 46
9969 46
9978 46
9979 46
9990 46
9992 46
9993 46
49 47
102 47
176 47
292 47
321 47
429 47
479 47
512 47
581 47
603 47
934 47
1104 47
1105 47
1144 47
1156 47
1243 47
1273 47
1329 47
1583 47
1739 47
1787 47
1828 47
1891 47
1942 47
2125 47
2153 47
2244 47
2263 47
2320 47
2331 47
2435 47
2576 47
2581 47
2587 47
2639 47
2699 47
2894 47
3048 47
3073 47
3112 47
3332 47
3357 47
3451 47
3597 47
3697 47
3721 47
3880 47
3883 47
3926 47
3929 47
3991 47
3993 47
4080 47
4149 47
4161 47
4225 47
4325 47
4500 47
4521 47
4655 47
4697 47
4839 47
4842 47
4877 47
4915 47
4976 47
5002 47
5012 47
5032 47
5121 47
5235 47
5485 47
5603 47
5639 47
5815 47
5852 47
5900 47
5957 47
5975 47
6005 47
6047 47
6137 47
6149 47
6203 47
6277 47
6431 47
6451 47
6576 47
6585 47
6844 47
6887 47
6949 47
6953 47
6972 47
7156 47
7184 47
7248 47
7310 47
7379 47
7404 47
7418 47
7494 47
7579 47
7687 47
7707 47
7780 47
7795 47
7992 47
7994 47
8079 47
8128 47
8179 47
8260 47
8284 47
8295 47
8342 47
8442 47
8460 47
8497 47
8568 47
8569 47
8587 47
8773 47
8783 47
8843 47
8847 47
9087 47
9099 47
9107 47
9192 47
9342 47
9373 47
9444 47
9452 47
9530 47
9547 47
9722 47
9792 47
9821 47
9836 47
9867 47
9874 47
72 48
74 48
161 48
226 48
351 48
414 48
428 48
439 48
445 48
450 48
494 48
501 48
503 48
522 48
783 48
810 48
831 48
841 48
986 48
1007 48
1022 48
1070 48
1098 48
1138 48
1147 48
1311 48
1317 48
1348 48
1445 48
1452 48
1541 48
1572 48
1723 48
1824 48
1852 48
1872 48
1955 48
1992 48
2007 48
2055 48
2206 48
2215 48
2387 48
2464 48
2465 48
2514 48
2561 48
2598 48
2751 48
2788 48
2819 48
2823 48
2871 48
2872 48
2911 48
3004 48
3012 48
3069 48
3086 48
3147 48
3202 48
3208 48
3287 48
3330 48
3400 48
3651 48
3748 48
3938 48
3983 48
4000 48
4073 48
4075 48
4096 48
4135 48
4162 48
4193 48
4330 48
4399 48
4426 48
4441 48
4642 48
4670 48
4705 48
4722 48
4731 48
4805 48
4894 48
4896 48
4900 48
5017 48
5020 48
5160 48
5248 48
5294 48
5309 48
5426 48
5436 48
5446 48
5484 48
5531 48
5698 48
5710 48
5755 48
5878 48
6034 48
6075 48
6146 48
6159 48
6208 48
6287 48
6364 48
6393 48
6523 48
6671 48
6749 48
6763 48
6818 48
6930 48
6980 48
7081 48
7088 48
7122 48
7208 48
7265 48
7277 48
7290 48
7358 48
7375 48
7387 48
7407 48
7536 48
7582 48
7683 48
7749 48
7777 48
7783 48
7810 48
7846 48
7927 48
7969 48
8001 48
8045 48
8049 48
8107 48
8176 48
8193 48
8231 48
8237 48
8328 48
8333 48
8339 48
8454 48
8476 48
8484 48
8500 48
8517 48
8570 48
8575 48
8703 48
8729 48
8756 48
8862 48
9121 48
9137 48
9173 48
9195 48
9215 48
9243 48
9275 48
9285 48
9371 48
9419 48
9422 48
9511 48
9526 48
9628 48
9641 48
9648 48
9698 48
9953 48
60 49
181 49
195 49
215 49
388 49
417 49
485 49
564 49
567 49
628 49
768 49
1004 49
1109 49
1171 49
1426 49
1496 49
1525 49
1533 49
1651 49
1714 49
1757 49
1830 49
1832 49
1839 49
1876 49
1924 49
1931 49
2067 49
2078 49
2139 49
2199 49
2221 49
2267 49
2273 49
2353 49
2380 49
2475 49
2628 49
2664 49
2678 49
2709 49
2718 49
2764 49
2874 49
2917 49
3194 49
3274 49
3352 49
3445 49
3492 49
3659 49
3715 49
3772 49
3853 49
3867 49
3922 49
3937 49
3967 49
3992 49
4111 49
4163 49
4185 49
4230 49
4339 49
4522 49
4535 49
4580 49
4818 49
4950 49
4971 49
5058 49
5081 49
5092 49
5113 49
5131 49
5354 49
5438 49
5467 49
5548 49
5549 49
5562 49
5649 49
5664 49
5753 49
5835 49
5860 49
5876 49
5958 49
6016 49
6024 49
6094 49
6116 49
6267 49
6329 49
6440 49
6544 49
6667 49
6670 49
6730 49
6774 49
6849 49
6860 49
6897 49
6927 49
7003 49
7021 49
7107 49
7113 49
7311 49
7609 49
7676 49
7693 49
7760 49
7771 49
7813 49
7818 49
7835 49
7869 49
7953 49
8028 49
8032 49
8039 49
8069 49
8272 49
8289 49
8314 49
8367 49
8443 49
8463 49
8551 49
8559 49
8560 49
8679 49
8752 49
8776 49
8841 49
8988 49
9090 49
9095 49
9224 49
9344 49
9347 49
9350 49
9451 49
9459 49
9474 49
9669 49
9689 49
9746 49
9760 49
9998 49
6 50
25 50
80 50
152 50
244 50
331 50
336 50
420 50
591 50
678 50
707 50
748 50
807 50
897 50
910 50
929 50
933 50
971 50
983 50
1035 50
1094 50
1118 50
1159 50
1195 50
1226 50
1327 50
1350 50
1359 50
1414 50
1447 50
1454 50
1462 50
1553 50
1571 50
1576 50
1603 50
1768 50
1889 50
1892 50
1934 50
2031 50
2070 50
2168 50
2220 50
2258 50
2303 50
2339 50
2368 50
2391 50
2425 50
2426 50
2447 50
2495 50
2513 50
2556 50
2641 50
2648 50
2649 50
2684 50
2714 50
2841 50
2908 50
2931 50
2986 50
3063 50
3200 50
3238 50
3401 50
3500 50
3529 50
3530 50
3561 50
3589 50
3600 50
3733 50
3747 50
3793 50
3799 50
3882 50
3923 50
3955 50
4008 50
4043 50
4165 50
4169 50
4206 50
4235 50
4341 50
4380 50
4409 50
4459 50
4517 50
4685 50
4686 50
4830 50
4837 50
4869 50
4928 50
4981 50
5004 50
5094 50
5134 50
5136 50
5144 50
5177 50
5183 50
5228 50
5320 50
5331 50
5421 50
5451 50
5468 50
5486 50
5523 50
5547 50
5595 50
5624 50
5713 50
5784 50
5817 50
5886 50
5916 50
5955 50
6073 50
6153 50
6169 50
6223 50
6371 50
6452 50
6455 50
6472 50
6500 50
6531 50
6545 50
6638 50
6702 50
6746 50
6765 50
6792 50
6796 50
6833 50
6841 50
6855 50
6863 50
6864 50
6906 50
6910 50
7029 50
7059 50
7075 50
7102 50
7168 50
7195 50
7217 50
7309 50
7315 50
7345 50
7458 50
7486 50
7520 50
7666 50
7667 50
7685 50
7722 50
7742 50
7762 50
7768 50
7784 50
7790 50
7824 50
7828 50
7850 50
7868 50
7955 50
8013 50
8087 50
8137 50
8169 50
8189 50
8253 50
8271 50
8293 50
8358 50
8508 50
8582 50
8607 50
8631 50
8636 50
8730 50
8744 50
8745 50
8802 50
8853 50
8859 50
8934 50
9081 50
9085 50
9126 50
9131 50
9222 50
9326 50
9416 50
9430 50
9467 50
9491 50
9520 50
9716 50
9851 50
9855 50
9886 50
9889 50
9894 50
9901 50
9913 50
9975 50
20 51
129 51
239 51
248 51
329 51
368 51
379 51
407 51
415 51
421 51
639 51
729 51
734 51
858 51
916 51
946 51
974 51
985 51
997 51
1060 51
1064 51
1186 51
1193 51
1281 51
1297 51
1349 51
1388 51
1443 51
1502 51
1613 51
1693 51
1720 51
1724 51
1794 51
1821 51
1879 51
1901 51
1936 51
1960 51
2133 51
2395 51
2414 51
2424 51
2454 51
2461 51
2474 51
2551 51
2555 51
2625 51
2742 51
2839 51
2843 51
2973 51
2981 51
3029 51
3050 51
3125 51
3134 51
3174 51
3206 51
3218 51
3323 51
3519 51
3566 51
3604 51
3663 51
3683 51
3711 51
3736 51
3803 51
3850 51
3934 51
3957 51
3984 51
4146 51
4148 51
4258 51
4297 51
4312 51
4368 51
4423 51
4430 51
4495 51
4634 51
4689 51
4760 51
4783 51
4784 51
4799 51
4829 51
4870 51
4882 51
4891 51
4907 51
4968 51
5025 51
5065 51
5091 51
5106 51
5143 51
5211 51
5222 51
5254 51
5326 51
5458 51
5511 51
5635 51
5672 51
5728 51
5749 51
5834 51
5875 51
5931 51
5972 51
6057 51
6090 51
6113 51
6181 51
6235 51
6253 51
6265 51
6307 51
6336 51
6488 51
6495 51
6510 51
6540 51
6550 51
6559 51
6605 51
6693 51
6720 51
6784 51
6896 51
6991 51
7281 51
7374 51
7457 51
7463 51
7482 51
7533 51
7585 51
7645 51
7736 51
7842 51
7852 51
7985 51
8083 51
8230 51
8310 51
8544 51
8545 51
8578 51
8579 51
8601 51
8688 51
8714 51
8823 51
8832 51
8835 51
8935 51
8936 51
8991 51
8994 51
9142 51
9177 51
9206 51
9387 51
9393 51
9455 51
9470 51
9471 51
9524 51
9832 51
9976 51
9999 51
48 52
114 52
174 52
187 52
190 52
249 52
251 52
384 52
664 52
743 52
756 52
853 52
990 52
1241 52
1377 52
1412 52
1418 52
1472 52
1491 52
1564 52
1726 52
1732 52
1909 52
1962 52
1987 52
2054 52
2138 52
2334 52
2404 52
2484 52
2554 52
2588 52
2617 52
2657 52
2663 52
2743 52
2862 52
2902 52
2942 52
2997 52
3102 52
3108 52
3148 52
3230 52
3413 52
3542 52
3586 52
3618 52
3656 52
3750 52
3770 52
3903 52
3940 52
3943 52
4215 52
4304 52
4316 52
4317 52
4338 52
4344 52
4361 52
4577 52
4618 52
4958 52
5036 52
5129 52
5280 52
5299 52
5444 52
5454 52
5476 52
5510 52
5519 52
5526 52
5606 52
5623 52
5638 52
5747 52
5769 52
5914 52
5925 52
5990 52
5997 52
6108 52
6192 52
6229 52
6326 52
6425 52
6454 52
6464 52
6536 52
6604 52
6607 52
6727 52
6740 52
6756 52
6786 52
6808 52
6881 52
6916 52
6952 52
7068 52
7079 52
7085 52
7096 52
7355 52
7502 52
7523 52
7641 52
7675 52
7800 52
7817 52
7825 52
7872 52
7885 52
7886 52
7916 52
8081 52
8092 52
8151 52
8332 52
8390 52
8558 52
8662 52
8699 52
8716 52
8720 52
8914 52
8919 52
8929 52
9118 52
9182 52
9282 52
9327 52
9423 52
9431 52
9475 52
9488 52
9555 52
9660 52
9778 52
9789 52
12 53
27 53
142 53
199 53
202 53
459 53
640 53
667 53
728 53
770 53
779 53
799 53
888 53
979 53
1112 53
1170 53
1178 53
1208 53
1221 53
1314 53
1341 53
1389 53
1393 53
1421 53
1590 53
1595 53
1686 53
1815 53
1867 53
1935 53
2057 53
2149 53
2341 53
2355 53
2386 53
2532 53
2536 53
2720 53
2729 53
2791 53
2869 53
2990 53
3006 53
3054 53
3090 53
3245 53
3444 53
3525 53
3534 53
3554 53
3564 53
3655 53
3700 53
3719 53
3769 53
3795 53
3831 53
3851 53
4062 53
4136 53
4160 53
4229 53
4350 53
4360 53
4365 53
4379 53
4605 53
4632 53
4657 53
4955 53
4986 53
5107 53
5108 53
5165 53
5203 53
5322 53
5367 53
5515 53
5619 53
5887 53
5895 53
5983 53
6139 53
6143 53
6211 53
6212 53
6219 53
6247 53
6285 53
6289 53
6304 53
6485 53
6507 53
6547 53
6563 53
6698 53
6703 53
6713 53
6715 53
6751 53
7011 53
7103 53
7183 53
7219 53
7228 53
7327 53
7416 53
7432 53
7471 53
7475 53
7619 53
7753 53
7913 53
7935 53
8098 53
8129 53
8206 53
8298 53
8321 53
8402 53
8438 53
8451 53
8459 53
8640 53
8670 53
8672 53
8860 53
9021 53
9053 53
9074 53
9351 53
9396 53
9418 53
9427 53
9437 53
9469 53
9568 53
9617 53
9629 53
9634 53
9678 53
9779 53
9952 53
2 54
183 54
193 54
245 54
269 54
377 54
475 54
482 54
487 54
651 54
671 54
693 54
717 54
869 54
899 54
917 54
1199 54
1379 54
1420 54
1424 54
1515 54
1556 54
1593 54
1610 54
1642 54
1736 54
1740 54
1750 54
1754 54
1762 54
1791 54
1818 54
1849 54
1885 54
2068 54
2180 54
2247 54
2400 54
2428 54
2504 54
2524 54
2539 54
2701 54
2749 54
2895 54
2979 54
3049 54
3136 54
3157 54
3162 54
3304 54
3325 54
3326 54
3350 54
3361 54
3368 54
3379 54
3391 54
3430 54
3543 54
3590 54
3598 54
3892 54
3921 54
4002 54
4063 54
4337 54
4416 54
4546 54
4730 54
4743 54
4775 54
4913 54
4936 54
4945 54
5006 54
5022 54
5142 54
5150 54
5251 54
5269 54
5382 54
5481 54
5545 54
5631 54
5686 54
5701 54
5716 54
5899 54
5915 54
5974 54
6038 54
6054 54
6071 54
6138 54
6171 54
6231 54
6443 54
6471 54
6543 54
6641 54
6689 54
6717 54
6754 54
6836 54
6852 54
6905 54
6907 54
7099 54
7192 54
7218 54
7232 54
7381 54
7487 54
7493 54
7507 54
7621 54
7661 54
7680 54
7766 54
7776 54
7961 54
8035 54
8172 54
8360 54
8436 54
8452 54
8458 54
8477 54
8561 54
8639 54
8724 54
8748 54
8769 54
8877 54
8886 54
8976 54
9018 54
9057 54
9165 54
9284 54
9321 54
9388 54
9441 54
9514 54
9538 54
9636 54
9676 54
9677 54
9847 54
123 55
124 55
260 55
337 55
339 55
381 55
451 55
464 55
465 55
495 55
801 55
900 55
914 55
928 55
1050 55
1068 55
1084 55
1089 55
1102 55
1137 55
1298 55
1407 55
1509 55
1819 55
1895 55
1904 55
1919 55
1977 55
2035 55
2147 55
2151 55
2157 55
2277 55
2499 55
2607 55
2611 55
2672 55
2697 55
2741 55
2844 55
3008 55
3067 55
3119 55
3175 55
3301 55
3367 55
3425 55
3540 55
3569 55
3578 55
3709 55
3749 55
3786 55
3788 55
3790 55
3813 55
3846 55
3881 55
3915 55
3927 55
4098 55
4179 55
4226 55
4270 55
4327 55
4458 55
4513 55
4531 55
4542 55
4554 55
4556 55
4596 55
4629 55
4678 55
4777 55
4786 55
5043 55
5176 55
5237 55
5350 55
5391 55
5450 55
5565 55
5658 55
5695 55
5842 55
5847 55
5907 55
5935 55
5936 55
5964 55
6008 55
6015 55
6127 55
6136 55
6158 55
6284 55
6482 55
6520 55
6522 55
6598 55
6603 55
6755 55
6778 55
6809 55
6870 55
6984 55
6989 55
7043 55
7108 55
7233 55
7305 55
7332 55
7401 55
7512 55
7614 55
7617 55
7618 55
7710 55
7949 55
7978 55
8010 55
8072 55
8124 55
8162 55
8199 55
8209 55
8226 55
8232 55
8307 55
8361 55
8412 55
8421 55
8430 55
8439 55
8479 55
8519 55
8577 55
8635 55
8761 55
8778 55
8784 55
9005 55
9089 55
9163 55
9328 55
9380 55
9541 55
9543 55
9767 55
36 56
46 56
64 56
140 56
534 56
541 56
617 56
657 56
675 56
683 56
736 56
912 56
915 56
966 56
1162 56
1163 56
1211 56
1325 56
1339 56
1456 56
1574 56
1575 56
1633 56
1685 56
1735 56
1786 56
1800 56
1807 56
1978 56
2012 56
2192 56
2351 56
2438 56
2578 56
2667 56
2825 56
2842 56
2859 56
2913 56
2956 56
3106 56
3167 56
3345 56
3393 56
3414 56
3427 56
3553 56
3560 56
3605 56
3609 56
3615 56
3632 56
3647 56
3730 56
3755 56
3778 56
3812 56
3861 56
3864 56
3870 56
4049 56
4081 56
4262 56
4402 56
4410 56
4470 56
4511 56
4653 56
4716 56
4824 56
4849 56
4914 56
5319 56
5591 56
5593 56
5662 56
5736 56
5782 56
5786 56
5792 56
5819 56
5969 56
6010 56
6017 56
6051 56
6063 56
6086 56
6119 56
6395 56
6396 56
6415 56
6745 56
6764 56
6813 56
6814 56
6858 56
6876 56
6877 56
6920 56
7139 56
7304 56
7348 56
7398 56
7476 56
7557 56
7613 56
7627 56
7638 56
7831 56
7882 56
7901 56
7925 56
8015 56
8292 56
8309 56
8345 56
8405 56
8470 56
8512 56
8547 56
8606 56
8790 56
8795 56
8800 56
8848 56
8901 56
8945 56
8975 56
9024 56
9073 56
9094 56
9134 56
9139 56
9143 56
9294 56
9365 56
9374 56
9563 56
9599 56
9764 56
9811 56
9854 56
9917 56
9919 56
9960 56
98 57
243 57
276 57
349 57
538 57
760 57
776 57
953 57
1008 57
1146 57
1169 57
1510 57
1598 57
1602 57
1804 57
1840 57
1847 57
1922 57
2085 57
2379 57
2463 57
2579 57
2599 57
2605 57
2610 57
2613 57
2668 57
2736 57
2776 57
2857 57
3158 57
3170 57
3246 57
3336 57
3627 57
3631 57
3650 57
3693 57
3696 57
3728 57
3741 57
3822 57
3935 57
3979 57
4010 57
4078 57
4097 57
4115 57
4151 57
4214 57
4456 57
4482 57
4651 57
4761 57
4878 57
5068 57
5096 57
5374 57
5431 57
5488 57
5508 57
5647 57
5654 57
5879 57
5903 57
5977 57
5992 57
6028 57
6106 57
6165 57
6320 57
6325 57
6331 57
6363 57
6535 57
6634 57
6735 57
6850 57
6904 57
6912 57
6955 57
6957 57
7030 57
7070 57
7242 57
7243 57
7294 57
7326 57
7503 57
7598 57
7814 57
7849 57
7864 57
7987 57
8362 57
8472 57
8805 57
8908 57
8948 57
8949 57
8960 57
9147 57
9305 57
9368 57
9410 57
9421 57
9482 57
9492 57
9586 57
9606 57
9745 57
9904 57
47 58
99 58
134 58
158 58
212 58
315 58
363 58
438 58
614 58
676 58
681 58
682 58
816 58
1027 58
1077 58
1101 58
1213 58
1251 58
1332 58
1480 58
1484 58
1514 58
1625 58
1645 58
1657 58
1676 58
1729 58
1793 58
1917 58
1953 58
2025 58
2314 58
2327 58
2364 58
2372 58
2384 58
2515 58
2612 58
2679 58
2745 58
2818 58
2867 58
2960 58
2962 58
3018 58
3019 58
3080 58
3099 58
3140 58
3261 58
3307 58
3312 58
3370 58
3476 58
3509 58
3522 58
3587 58
3840 58
3878 58
4014 58
4051 58
4084 58
4154 58
4216 58
4261 58
4292 58
4295 58
4378 58
4386 58
4396 58
4461 58
4502 58
4516 58
4747 58
4765 58
4773 58
4843 58
4856 58
4861 58
4889 58
5009 58
5048 58
5064 58
5125 58
5135 58
5190 58
5239 58
5268 58
5287 58
5290 58
5297 58
5365 58
5415 58
5470 58
5543 58
5612 58
5618 58
5671 58
6006 58
6152 58
6156 58
6318 58
6400 58
6405 58
6521 58
6572 58
6639 58
6676 58
6706 58
6779 58
6798 58
6856 58
6869 58
6937 58
6986 58
7162 58
7202 58
7211 58
7289 58
7342 58
7477 58
7623 58
7724 58
7738 58
7772 58
7781 58
7889 58
7898 58
7907 58
7942 58
8053 58
8157 58
8420 58
8441 58
8474 58
8489 58
8495 58
8515 58
8617 58
8676 58
8851 58
8888 58
8891 58
8893 58
8897 58
8920 58
9022 58
9030 58
9096 58
9106 58
9133 58
9176 58
9358 58
9439 58
9544 58
9560 58
9645 58
9655 58
9662 58
9664 58
9668 58
9846 58
9859 58
9929 58
26 59
33 59
103 59
136 59
284 59
409 59
441 59
584 59
623 59
631 59
775 59
794 59
800 59
870 59
882 59
887 59
896 59
920 59
960 59
961 59
1037 59
1051 59
1056 59
1079 59
1141 59
1174 59
1187 59
1266 59
1275 59
1291 59
1383 59
1402 59
1550 59
1802 59
1825 59
1940 59
1959 59
2083 59
2183 59
2237 59
2252 59
2343 59
2460 59
2511 59
2716 59
2767 59
2806 59
2998 59
3016 59
3058 59
3126 59
3182 59
3399 59
3482 59
3521 59
3539 59
3549 59
3662 59
3701 59
3759 59
3894 59
4001 59
4016 59
4017 59
4032 59
4118 59
4188 59
4306 59
4370 59
4457 59
4536 59
4579 59
4597 59
4673 59
4709 59
4820 59
4852 59
4937 59
4975 59
4985 59
5059 59
5245 59
5247 59
5271 59
5281 59
5409 59
5430 59
5507 59
5540 59
5573 59
5583 59
5630 59
5646 59
5708 59
5750 59
5863 59
5885 59
5888 59
5893 59
5988 59
6036 59
6155 59
6190 59
6205 59
6345 59
6477 59
6714 59
6807 59
6854 59
6875 59
6960 59
7145 59
7154 59
7172 59
7189 59
7261 59
7331 59
7368 59
7383 59
7584 59
7826 59
7860 59
7881 59
7891 59
7897 59
7928 59
8052 59
8183 59
8207 59
8249 59
8525 59
8553 59
8619 59
8623 59
8654 59
8675 59
8766 59
8792 59
8814 59
8817 59
8894 59
8912 59
8955 59
9065 59
9263 59
9334 59
9395 59
9417 59
9443 59
9450 59
9489 59
9507 59
9517 59
9595 59
9625 59
9674 59
9691 59
9795 59
9813 59
9885 59
9939 59
9956 59
9983 59
295 60
850 60
898 60
1507 60
1535 60
1841 60
1969 60
1999 60
2194 60
2636 60
2674 60
3431 60
4065 60
4280 60
4436 60
4707 60
4934 60
4935 60
4970 60
5045 60
5100 60
5103 60
5156 60
5193 60
5386 60
6109 60
6150 60
6373 60
6449 60
6837 60
7173 60
7389 60
7430 60
7602 60
7774 60
7785 60
7786 60
7926 60
7968 60
8208 60
8574 60
8768 60
8989 60
9015 60
9039 60
9318 60
9345 60
9381 60
108 61
209 61
210 61
279 61
310 61
372 61
378 61
408 61
443 61
448 61
492 61
497 61
525 61
586 61
638 61
648 61
658 61
685 61
710 61
789 61
839 61
852 61
864 61
939 61
945 61
1031 61
1045 61
1053 61
1078 61
1140 61
1190 61
1218 61
1288 61
1429 61
1434 61
1446 61
1487 61
1505 61
1554 61
1601 61
1661 61
1700 61
1709 61
1782 61
1784 61
1796 61
1845 61
2079 61
2086 61
2111 61
2117 61
2184 61
2223 61
2233 61
2297 61
2324 61
2360 61
2443 61
2545 61
2730 61
2761 61
2813 61
2822 61
2852 61
2909 61
2921 61
2923 61
2934 61
2988 61
3010 61
3092 61
3114 61
3327 61
3363 61
3538 61
3574 61
3575 61
3658 61
3675 61
3757 61
3821 61
3902 61
3930 61
3950 61
3959 61
3970 61
4070 61
4112 61
4138 61
4168 61
4238 61
4279 61
4308 61
4385 61
4422 61
4464 61
4474 61
4549 61
4568 61
4610 61
4712 61
4736 61
4744 61
4751 61
4807 61
4872 61
4909 61
4912 61
5034 61
5056 61
5067 61
5079 61
5130 61
5170 61
5274 61
5296 61
5373 61
5427 61
5578 61
5602 61
5604 61
5652 61
5740 61
5785 61
5838 61
5843 61
5917 61
5918 61
5948 61
6031 61
6059 61
6067 61
6105 61
6141 61
6244 61
6245 61
6254 61
6263 61
6308 61
6321 61
6333 61
6339 61
6350 61
6433 61
6513 61
6549 61
6581 61
6668 61
6685 61
6828 61
6886 61
6899 61
6903 61
7009 61
7045 61
7307 61
7420 61
7423 61
7540 61
7554 61
7797 61
7803 61
7867 61
7887 61
7906 61
8029 61
8047 61
8220 61
8283 61
8391 61
8425 61
8467 61
8469 61
8611 61
8618 61
8820 61
8834 61
8870 61
8917 61
8924 61
8940 61
8951 61
9010 61
9115 61
9120 61
9124 61
9136 61
9221 61
9226 61
9227 61
9277 61
9302 61
9354 61
9370 61
9500 61
9561 61
9577 61
9635 61
9639 61
9661 61
9673 61
9711 61
9728 61
9739 61
9755 61
9758 61
9816 61
9837 61
9971 61
9985 61
282 62
297 62
319 62
490 62
607 62
610 62
626 62
659 62
690 62
735 62
1023 62
1040 62
1091 62
1113 62
1125 62
1232 62
1237 62
1244 62
1248 62
1265 62
1351 62
1499 62
1536 62
1622 62
1639 62
1648 62
1674 62
1874 62
1948 62
1952 62
1976 62
2018 62
2098 62
2217 62
2228 62
2298 62
2354 62
2399 62
2550 62
2573 62
2670 62
2698 62
2781 62
2864 62
2893 62
2920 62
2958 62
3118 62
3123 62
3242 62
3585 62
3628 62
3657 62
3731 62
3752 62
3888 62
4211 62
4257 62
4272 62
4319 62
4452 62
4475 62
4484 62
4530 62
4700 62
4724 62
4738 62
4776 62
4899 62
4966 62
5018 62
5040 62
5072 62
5153 62
5221 62
5249 62
5307 62
5330 62
5435 62
5471 62
5529 62
5571 62
5645 62
5675 62
5735 62
5884 62
6012 62
6076 62
6114 62
6145 62
6354 62
6360 62
6435 62
6577 62
6647 62
6654 62
6733 62
6752 62
6936 62
6987 62
7087 62
7150 62
7220 62
7253 62
7320 62
7511 62
7610 62
7677 62
7679 62
7911 62
8171 62
8219 62
8256 62
8554 62
8740 62
8797 62
8830 62
8889 62
9032 62
9103 62
9128 62
9188 62
9231 62
9260 62
9314 62
9322 62
9456 62
9549 62
9726 62
9736 62
9869 62
9946 62
61 63
156 63
257 63
274 63
285 63
341 63
400 63
416 63
548 63
566 63
670 63
766 63
843 63
1165 63
1233 63
1302 63
1340 63
1367 63
1419 63
1482 63
1485 63
1767 63
1798 63
1860 63
1863 63
1923 63
2029 63
2071 63
2100 63
2164 63
2234 63
2260 63
2319 63
2430 63
2472 63
2503 63
2645 63
2780 63
2853 63
2955 63
2995 63
3071 63
3279 63
3360 63
3397 63
3421 63
3485 63
3489 63
3688 63
3704 63
3758 63
3765 63
3789 63
3794 63
4042 63
4092 63
4139 63
4195 63
4282 63
4490 63
4544 63
4555 63
4566 63
4669 63
4745 63
4779 63
4819 63
4858 63
4920 63
4965 63
4996 63
5083 63
5166 63
5178 63
5191 63
5195 63
5252 63
5278 63
5310 63
5317 63
5348 63
5500 63
5532 63
5656 63
5729 63
6357 63
6627 63
6666 63
6823 63
6831 63
6895 63
6971 63
7028 63
7049 63
7126 63
7181 63
7193 63
7288 63
7448 63
7588 63
7743 63
7919 63
8086 63
8115 63
8217 63
8325 63
8449 63
8529 63
8595 63
8598 63
8677 63
8695 63
8721 63
8775 63
8833 63
8958 63
9098 63
9105 63
9270 63
9276 63
9383 63
9445 63
9508 63
9535 63
9562 63
9727 63
9790 63
9800 63
9810 63
9891 63
9902 63
9910 63
9970 63
