539.512024 411.975006 
188.621994 417.372986 
131.936996 149.259003 
489.923004 156.906998 
549.065979 385.596985 
109.017998 282.5 
607.416016 188.376999 
218.970993 97.700996 
276.54599 403.014008 
617.028015 390.570007 
107.528999 113.255997 
71.043999 302.360992 
208.662994 423.880005 
624.721985 107.380997 
473.809998 148.496002 
27.955999 336.04599 
335.207001 418.160004 
488.656006 49.91 
626.460999 316.053009 
558.379028 173.087006 
407.057007 406.286987 
168.033997 142.725006 
342.459991 342.192993 
487.292999 177.190994 
392.596008 316.425995 
181.365997 373.854004 
294.171997 147.602997 
616.468018 94.084999 
397.268005 393.819 
106.505997 169.998993 
488.984985 46.418999 
634.874023 138.065994 
562.804016 280.796997 
350.677002 357.665009 
475.069 220.199997 
323.992004 338.85199 
307.841003 273.425995 
29.612 444.678986 
295.165009 96.014999 
243.138 83.169998 
213.341995 94.471001 
117.387001 389.002014 
651.132019 174.201996 
39.715 368.950989 
651.89502 100.922997 
673.505981 317.64801 
79.446999 81.779999 
621.982971 431.826996 
43.245998 166.960999 
550.916016 384.105988 
233.675003 274.727997 
226.113998 110.825996 
499.066986 213.026993 
17.382 353.19101 
680.978027 324.669006 
649.059998 442.005005 
555.070984 427.039001 
566.851013 75.995003 
387.720001 392.743011 
552.414978 440.575989 
444.282013 163.070999 
251.246994 273.079987 
611.004028 188.731003 
548.072021 209.335007 
