Time of Execution :0.48
Time of Device Execution :0.06
518.9731899 415.4362066 
169.8917518 421.4335589 
140.2043903 164.4662469 
517.8878047 128.667129 
514.3874181 339.0280891 
153.4798404 268.7642994 
614.9308185 211.5527116 
221.4451914 87.77161161 
275.9536004 422.6490401 
625.547016 399.769539 
107.2751495 88.02178862 
97.80991833 278.3410579 
220.4261388 418.2717649 
641.4108742 125.3111873 
437.3781703 140.3994242 
46.68713162 306.8292342 
326.365974 419.4952214 
442.8576763 77.63574627 
598.3691152 282.4583885 
560.6407448 157.1683407 
434.5401708 381.8697992 
187.9426139 161.3138309 
341.8354631 324.5065153 
481.4399764 164.1692842 
409.7259291 291.4771127 
165.1754429 345.3226629 
302.9119623 163.5992279 
629.1560717 44.6095765 
454.6951141 333.7156892 
86.84822542 161.9153185 
485.0313132 62.28311811 
620.5855845 157.1424601 
554.4437734 303.6437889 
348.2405802 360.3026596 
473.8953119 219.330143 
296.9640565 350.3831152 
349.9319808 268.3506052 
43.86214781 436.7856683 
330.5626536 81.72609324 
276.1816228 91.10985649 
162.2363329 88.34655065 
117.2990698 410.8461594 
646.6623632 187.5023988 
71.92048697 387.5326134 
641.2222677 87.40664289 
655.4917844 319.9415149 
45.93948754 87.80654196 
611.7171347 439.5538517 
35.93705001 167.8414393 
541.5996823 362.829516 
212.4730371 264.2720168 
241.4372156 161.976909 
514.8023583 241.4669292 
28.37386717 359.6715453 
646.9571619 352.7842134 
659.5800985 430.6798529 
570.8422422 399.05013 
530.1802578 76.82125012 
387.062214 408.4499093 
558.5421869 444.7490491 
379.7718321 177.8182909 
279.6320085 263.1977094 
634.1039415 251.4557583 
552.0476455 213.5377974 
